0.000000,udp,5353,S0,0,0,0,0,0,0,0,0,0,0,0,0,0,0,0,0,0,0,0,0,0.000000,0.000000,0.000000,0.000000,0.000000,0.000000,0.000000,0,0,0.000000,0.000000,0.000000,0.000000,0.000000,0.000000,0.000000,0.00000
0.000000,udp,137,S0,0,0,0,0,0,0,0,0,0,0,0,0,0,0,0,0,0,0,0,0,0.000000,0.000000,0.000000,0.000000,0.000000,0.000000,0.000000,0,0,0.000000,0.000000,0.000000,0.000000,0.000000,0.000000,0.000000,0.00000
0.000000,udp,138,OTH,0,0,0,0,0,0,0,0,0,0,0,0,0,0,0,0,0,0,1,0,1.000000,0.000000,0.000000,0.000000,0.000000,1.000000,0.000000,1,0,0.000000,1.000000,0.000000,0.000000,1.000000,0.000000,0.000000,0.00000
0.000000,udp,5353,S0,0,0,0,0,0,0,0,0,0,0,0,0,0,0,0,0,0,0,1,1,1.000000,1.000000,0.000000,0.000000,1.000000,0.000000,0.000000,1,1,1.000000,0.000000,0.333333,0.000000,1.000000,1.000000,0.000000,0.00000
0.000000,udp,5353,S0,0,0,0,0,0,0,0,0,0,0,0,0,0,0,0,0,0,0,0,2,0.000000,1.000000,0.000000,0.000000,0.000000,0.000000,1.000000,0,2,0.000000,0.000000,0.500000,1.000000,0.000000,1.000000,0.000000,0.00000
0.922231,udp,5353,S0,0,0,0,0,0,0,0,0,0,0,0,0,0,0,0,0,0,0,1,1,1.000000,1.000000,0.000000,0.000000,1.000000,0.000000,0.000000,2,3,1.000000,0.000000,0.600000,0.333333,1.000000,1.000000,0.000000,0.00000
0.716664,udp,137,S0,0,0,0,0,0,0,0,0,0,0,0,0,0,0,0,0,0,0,2,1,0.500000,1.000000,0.000000,0.000000,0.500000,0.500000,0.000000,2,1,0.500000,0.500000,0.166667,0.000000,0.500000,1.000000,0.000000,0.00000
1.435253,udp,137,S0,0,0,0,0,0,0,0,0,0,0,0,0,0,0,0,0,0,0,3,2,0.666667,1.000000,0.000000,0.000000,0.666667,0.333333,0.000000,3,2,0.666667,0.333333,0.285714,0.000000,0.666667,1.000000,0.000000,0.00000
1.024307,udp,5353,S0,0,0,0,0,0,0,0,0,0,0,0,0,0,0,0,0,0,0,3,4,1.000000,1.000000,0.000000,0.000000,1.000000,0.000000,0.250000,3,4,1.000000,0.000000,0.500000,0.250000,1.000000,1.000000,0.000000,0.00000
1.024300,udp,5353,S0,0,0,0,0,0,0,0,0,0,0,0,0,0,0,0,0,0,0,1,5,1.000000,1.000000,0.000000,0.000000,1.000000,0.000000,0.800000,1,5,1.000000,0.000000,0.555556,0.800000,1.000000,1.000000,0.000000,0.00000
0.000000,udp,5353,S0,0,0,0,0,0,0,0,0,0,0,0,0,0,0,0,0,0,0,2,4,1.000000,1.000000,0.000000,0.000000,1.000000,0.000000,0.500000,4,6,1.000000,0.000000,0.600000,0.333333,1.000000,1.000000,0.000000,0.00000
0.000000,udp,5353,S0,0,0,0,0,0,0,0,0,0,0,0,0,0,0,0,0,0,0,2,5,1.000000,1.000000,0.000000,0.000000,1.000000,0.000000,0.600000,2,7,1.000000,0.000000,0.636364,0.714286,1.000000,1.000000,0.000000,0.00000
0.000000,udp,5353,S0,0,0,0,0,0,0,0,0,0,0,0,0,0,0,0,0,0,0,3,6,1.000000,1.000000,0.000000,0.000000,1.000000,0.000000,0.500000,5,8,1.000000,0.000000,0.666667,0.375000,1.000000,1.000000,0.000000,0.00000
0.000000,udp,5353,S0,0,0,0,0,0,0,0,0,0,0,0,0,0,0,0,0,0,0,3,7,1.000000,1.000000,0.000000,0.000000,1.000000,0.000000,0.571429,3,9,1.000000,0.000000,0.692308,0.666667,1.000000,1.000000,0.000000,0.00000
1.025277,udp,5353,S0,0,0,0,0,0,0,0,0,0,0,0,0,0,0,0,0,0,0,4,8,1.000000,1.000000,0.000000,0.000000,1.000000,0.000000,0.500000,6,10,1.000000,0.000000,0.714286,0.400000,1.000000,1.000000,0.000000,0.00000
1.025272,udp,5353,S0,0,0,0,0,0,0,0,0,0,0,0,0,0,0,0,0,0,0,4,9,1.000000,1.000000,0.000000,0.000000,1.000000,0.000000,0.555556,4,11,1.000000,0.000000,0.733333,0.636364,1.000000,1.000000,0.000000,0.00000
0.000000,udp,138,OTH,0,0,0,0,0,0,0,0,0,0,0,0,0,0,0,0,0,0,0,0,0.000000,0.000000,0.000000,0.000000,0.000000,0.000000,0.000000,4,1,0.250000,0.750000,0.062500,0.000000,0.750000,0.000000,0.000000,0.00000
0.000000,udp,5353,S0,0,0,0,0,0,0,0,0,0,0,0,0,0,0,0,0,0,0,0,0,0.000000,0.000000,0.000000,0.000000,0.000000,0.000000,0.000000,7,12,1.000000,0.000000,0.705882,0.416667,1.000000,1.000000,0.000000,0.00000
4.812505,udp,5353,S0,0,0,0,0,0,0,0,0,0,0,0,0,0,0,0,0,0,0,0,0,0.000000,0.000000,0.000000,0.000000,0.000000,0.000000,0.000000,8,13,1.000000,0.000000,0.722222,0.384615,1.000000,1.000000,0.000000,0.00000
4.812509,udp,5353,S0,0,0,0,0,0,0,0,0,0,0,0,0,0,0,0,0,0,0,0,1,0.000000,1.000000,0.000000,0.000000,0.000000,0.000000,1.000000,5,14,1.000000,0.000000,0.736842,0.642857,1.000000,1.000000,0.000000,0.00000
0.000000,udp,53,S0,0,0,0,0,0,0,0,0,0,0,0,0,0,0,0,0,0,0,0,0,0.000000,0.000000,0.000000,0.000000,0.000000,0.000000,0.000000,0,0,0.000000,0.000000,0.000000,0.000000,0.000000,0.000000,0.000000,0.00000
0.000000,udp,53,S0,0,0,0,0,0,0,0,0,0,0,0,0,0,0,0,0,0,0,0,1,0.000000,1.000000,0.000000,0.000000,0.000000,0.000000,1.000000,0,1,0.000000,0.000000,0.047619,1.000000,0.000000,1.000000,0.000000,0.00000
0.000128,udp,53,S0,0,0,0,0,0,0,0,0,0,0,0,0,0,0,0,0,0,0,1,2,1.000000,1.000000,0.000000,0.000000,1.000000,0.000000,0.500000,1,2,1.000000,0.000000,0.090909,0.500000,1.000000,1.000000,0.000000,0.00000
0.004922,udp,53,S0,0,0,0,0,0,0,0,0,0,0,0,0,0,0,0,0,0,0,2,3,1.000000,1.000000,0.000000,0.000000,1.000000,0.000000,0.333333,2,3,1.000000,0.000000,0.130435,0.333333,1.000000,1.000000,0.000000,0.00000
0.000000,udp,1900,OTH,0,0,0,0,0,0,0,0,0,0,0,0,0,0,0,0,0,0,0,0,0.000000,0.000000,0.000000,0.000000,0.000000,0.000000,0.000000,0,0,0.000000,0.000000,0.000000,0.000000,0.000000,0.000000,0.000000,0.00000
0.017701,udp,53,SF,0,49,0,0,0,0,0,0,0,0,0,0,0,0,0,0,0,0,1,4,1.000000,1.000000,0.000000,0.000000,1.000000,0.000000,0.750000,1,4,1.000000,0.000000,0.160000,0.750000,1.000000,1.000000,0.000000,0.00000
0.018360,udp,53,SF,0,88,0,0,0,0,0,0,0,0,0,0,0,0,0,0,0,0,2,5,0.500000,0.800000,0.000000,0.000000,1.000000,0.000000,0.600000,2,5,1.000000,0.000000,0.192308,0.600000,0.500000,0.800000,0.000000,0.00000
0.019321,udp,53,SF,0,0,0,0,0,0,0,0,0,0,0,0,0,0,0,0,0,0,3,6,0.333333,0.666667,0.000000,0.000000,1.000000,0.000000,0.500000,3,6,1.000000,0.000000,0.222222,0.500000,0.333333,0.666667,0.000000,0.00000
0.020572,udp,53,SF,0,0,0,0,0,0,0,0,0,0,0,0,0,0,0,0,0,0,4,7,0.250000,0.571429,0.000000,0.000000,1.000000,0.000000,0.428571,4,7,1.000000,0.000000,0.250000,0.428571,0.250000,0.571429,0.000000,0.00000
0.022970,udp,53,SF,0,49,0,0,0,0,0,0,0,0,0,0,0,0,0,0,0,0,5,8,0.200000,0.500000,0.000000,0.000000,1.000000,0.000000,0.375000,5,8,1.000000,0.000000,0.275862,0.375000,0.200000,0.500000,0.000000,0.00000
0.024544,udp,53,SF,0,51,0,0,0,0,0,0,0,0,0,0,0,0,0,0,0,0,6,9,0.166667,0.444444,0.000000,0.000000,1.000000,0.000000,0.333333,6,9,1.000000,0.000000,0.300000,0.333333,0.166667,0.444444,0.000000,0.00000
0.029020,udp,53,SF,0,0,0,0,0,0,0,0,0,0,0,0,0,0,0,0,0,0,7,10,0.142857,0.400000,0.000000,0.000000,1.000000,0.000000,0.300000,7,10,1.000000,0.000000,0.322581,0.300000,0.142857,0.400000,0.000000,0.00000
0.032030,udp,53,SF,0,48,0,0,0,0,0,0,0,0,0,0,0,0,0,0,0,0,8,11,0.125000,0.363636,0.000000,0.000000,1.000000,0.000000,0.272727,8,11,1.000000,0.000000,0.343750,0.272727,0.125000,0.363636,0.000000,0.00000
0.041673,udp,53,SF,0,0,0,0,0,0,0,0,0,0,0,0,0,0,0,0,0,0,9,12,0.111111,0.333333,0.000000,0.000000,1.000000,0.000000,0.250000,9,12,1.000000,0.000000,0.363636,0.250000,0.111111,0.333333,0.000000,0.00000
0.044189,udp,53,SF,0,97,0,0,0,0,0,0,0,0,0,0,0,0,0,0,0,0,10,13,0.100000,0.307692,0.000000,0.000000,1.000000,0.000000,0.230769,10,13,1.000000,0.000000,0.382353,0.230769,0.100000,0.307692,0.000000,0.00000
0.044210,udp,53,SF,0,97,0,0,0,0,0,0,0,0,0,0,0,0,0,0,0,0,11,14,0.090909,0.285714,0.000000,0.000000,1.000000,0.000000,0.214286,11,14,1.000000,0.000000,0.400000,0.214286,0.090909,0.285714,0.000000,0.00000
0.044633,udp,53,SF,0,79,0,0,0,0,0,0,0,0,0,0,0,0,0,0,0,0,12,15,0.083333,0.266667,0.000000,0.000000,1.000000,0.000000,0.200000,12,15,1.000000,0.000000,0.416667,0.200000,0.083333,0.266667,0.000000,0.00000
46.745601,tcp,5228,RSTR,628,5321,0,2,0,0,0,0,0,0,0,0,0,0,0,0,0,0,0,0,0.000000,0.000000,0.000000,0.000000,0.000000,0.000000,0.000000,0,0,0.000000,0.000000,0.000000,0.000000,0.000000,0.000000,0.000000,0.00000
46.509575,tcp,443,S1,1957,5356,0,1,0,0,0,0,0,0,0,0,0,0,0,0,0,0,0,0,0.000000,0.000000,0.000000,0.000000,0.000000,0.000000,0.000000,0,0,0.000000,0.000000,0.000000,0.000000,0.000000,0.000000,0.000000,0.00000
0.111764,udp,53,SF,0,0,0,0,0,0,0,0,0,0,0,0,0,0,0,0,0,0,13,16,0.076923,0.250000,0.000000,0.000000,1.000000,0.000000,0.187500,13,16,1.000000,0.000000,0.410256,0.187500,0.076923,0.250000,0.000000,0.00000
0.111787,udp,53,SF,0,0,0,0,0,0,0,0,0,0,0,0,0,0,0,0,0,0,14,17,0.071429,0.235294,0.000000,0.000000,1.000000,0.000000,0.176471,14,17,1.000000,0.000000,0.425000,0.176471,0.071429,0.235294,0.000000,0.00000
0.111807,udp,53,SF,0,0,0,0,0,0,0,0,0,0,0,0,0,0,0,0,0,0,15,18,0.066667,0.222222,0.000000,0.000000,1.000000,0.000000,0.166667,15,18,1.000000,0.000000,0.439024,0.166667,0.066667,0.222222,0.000000,0.00000
0.116113,udp,53,SF,0,70,0,0,0,0,0,0,0,0,0,0,0,0,0,0,0,0,16,19,0.062500,0.210526,0.000000,0.000000,1.000000,0.000000,0.157895,16,19,1.000000,0.000000,0.452381,0.157895,0.062500,0.210526,0.000000,0.00000
0.116611,udp,53,SF,0,0,0,0,0,0,0,0,0,0,0,0,0,0,0,0,0,0,17,20,0.058824,0.200000,0.000000,0.000000,1.000000,0.000000,0.150000,17,20,1.000000,0.000000,0.465116,0.150000,0.058824,0.200000,0.000000,0.00000
0.119501,udp,53,SF,0,50,0,0,0,0,0,0,0,0,0,0,0,0,0,0,0,0,18,21,0.055556,0.190476,0.000000,0.000000,1.000000,0.000000,0.142857,18,21,1.000000,0.000000,0.477273,0.142857,0.055556,0.190476,0.000000,0.00000
0.119826,udp,53,SF,0,0,0,0,0,0,0,0,0,0,0,0,0,0,0,0,0,0,19,22,0.052632,0.181818,0.000000,0.000000,1.000000,0.000000,0.136364,19,22,1.000000,0.000000,0.488889,0.136364,0.052632,0.181818,0.000000,0.00000
0.119862,udp,53,SF,0,90,0,0,0,0,0,0,0,0,0,0,0,0,0,0,0,0,20,23,0.050000,0.173913,0.000000,0.000000,1.000000,0.000000,0.130435,20,23,1.000000,0.000000,0.500000,0.130435,0.050000,0.173913,0.000000,0.00000
0.121205,udp,53,SF,0,102,0,0,0,0,0,0,0,0,0,0,0,0,0,0,0,0,21,24,0.047619,0.166667,0.000000,0.000000,1.000000,0.000000,0.125000,21,24,1.000000,0.000000,0.510638,0.125000,0.047619,0.166667,0.000000,0.00000
0.122066,udp,53,SF,0,49,0,0,0,0,0,0,0,0,0,0,0,0,0,0,0,0,22,25,0.045455,0.160000,0.000000,0.000000,1.000000,0.000000,0.120000,22,25,1.000000,0.000000,0.520833,0.120000,0.045455,0.160000,0.000000,0.00000
0.125287,udp,53,SF,0,0,0,0,0,0,0,0,0,0,0,0,0,0,0,0,0,0,23,26,0.043478,0.153846,0.000000,0.000000,1.000000,0.000000,0.115385,23,26,1.000000,0.000000,0.530612,0.115385,0.043478,0.153846,0.000000,0.00000
0.125323,udp,53,SF,0,0,0,0,0,0,0,0,0,0,0,0,0,0,0,0,0,0,24,27,0.041667,0.148148,0.000000,0.000000,1.000000,0.000000,0.111111,24,27,1.000000,0.000000,0.540000,0.111111,0.041667,0.148148,0.000000,0.00000
0.127577,udp,53,SF,0,63,0,0,0,0,0,0,0,0,0,0,0,0,0,0,0,0,25,28,0.040000,0.142857,0.000000,0.000000,1.000000,0.000000,0.107143,25,28,1.000000,0.000000,0.549020,0.107143,0.040000,0.142857,0.000000,0.00000
45.401971,tcp,443,S1,784,4148,0,1,0,0,0,0,0,0,0,0,0,0,0,0,0,0,0,1,0.000000,1.000000,0.000000,0.000000,0.000000,0.000000,1.000000,0,1,0.000000,0.000000,0.000000,1.000000,0.000000,1.000000,0.000000,0.00000
0.128635,udp,53,SF,0,58,0,0,0,0,0,0,0,0,0,0,0,0,0,0,0,0,26,29,0.038462,0.137931,0.000000,0.000000,1.000000,0.000000,0.103448,26,29,1.000000,0.000000,0.547170,0.103448,0.038462,0.137931,0.000000,0.00000
45.959939,tcp,443,S1,1016,6165,0,1,0,0,0,0,0,0,0,0,0,0,0,0,0,0,0,2,0.000000,1.000000,0.000000,0.000000,0.000000,0.000000,1.000000,0,2,0.000000,0.000000,0.000000,1.000000,0.000000,1.000000,0.000000,0.00000
5.836337,udp,5353,S0,0,0,0,0,0,0,0,0,0,0,0,0,0,0,0,0,0,0,0,0,0.000000,0.000000,0.000000,0.000000,0.000000,0.000000,0.000000,9,15,1.000000,0.000000,0.272727,0.400000,1.000000,1.000000,0.000000,0.00000
5.836879,udp,5353,S0,0,0,0,0,0,0,0,0,0,0,0,0,0,0,0,0,0,0,0,1,0.000000,1.000000,0.000000,0.000000,0.000000,0.000000,1.000000,6,16,1.000000,0.000000,0.285714,0.625000,1.000000,1.000000,0.000000,0.00000
0.478685,udp,53,SF,0,0,0,0,0,0,0,0,0,0,0,0,0,0,0,0,0,0,0,0,0.000000,0.000000,0.000000,0.000000,0.000000,0.000000,0.000000,27,30,1.000000,0.000000,0.526316,0.100000,0.037037,0.133333,0.000000,0.00000
0.480643,udp,53,SF,0,214,0,0,0,0,0,0,0,0,0,0,0,0,0,0,0,0,1,1,0.000000,0.000000,0.000000,0.000000,1.000000,0.000000,0.000000,28,31,1.000000,0.000000,0.534483,0.096774,0.035714,0.129032,0.000000,0.00000
47.379617,tcp,443,S1,3504,10872,0,1,0,0,0,0,0,0,0,0,0,0,0,0,0,0,0,0,0.000000,0.000000,0.000000,0.000000,0.000000,0.000000,0.000000,0,3,0.000000,0.000000,0.000000,1.000000,0.000000,1.000000,0.000000,0.00000
0.135368,tcp,443,SF,295,3850,0,1,0,0,0,0,0,0,0,0,0,0,0,0,0,0,1,1,1.000000,1.000000,0.000000,0.000000,1.000000,0.000000,0.000000,1,4,1.000000,0.000000,0.000000,0.750000,1.000000,1.000000,0.000000,0.00000
0.000000,udp,5353,S0,0,0,0,0,0,0,0,0,0,0,0,0,0,0,0,0,0,0,0,0,0.000000,0.000000,0.000000,0.000000,0.000000,0.000000,0.000000,10,17,1.000000,0.000000,0.278689,0.411765,1.000000,1.000000,0.000000,0.00000
0.000000,udp,5353,S0,0,0,0,0,0,0,0,0,0,0,0,0,0,0,0,0,0,0,0,1,0.000000,1.000000,0.000000,0.000000,0.000000,0.000000,1.000000,7,18,1.000000,0.000000,0.290323,0.611111,1.000000,1.000000,0.000000,0.00000
0.499268,udp,53,SF,0,0,0,0,0,0,0,0,0,0,0,0,0,0,0,0,0,0,2,2,0.000000,0.000000,0.000000,0.000000,1.000000,0.000000,0.000000,29,32,1.000000,0.000000,0.507937,0.093750,0.034483,0.125000,0.000000,0.00000
0.501021,udp,53,SF,0,53,0,0,0,0,0,0,0,0,0,0,0,0,0,0,0,0,3,3,0.000000,0.000000,0.000000,0.000000,1.000000,0.000000,0.000000,30,33,1.000000,0.000000,0.515625,0.090909,0.033333,0.121212,0.000000,0.00000
21.713741,tcp,443,S1,3383,8990,0,1,0,0,0,0,0,0,0,0,0,0,0,0,0,0,0,2,0.000000,0.500000,0.000000,0.000000,0.000000,0.000000,1.000000,0,5,0.000000,0.000000,0.000000,1.000000,0.000000,0.800000,0.000000,0.00000
0.592517,udp,53,SF,0,0,0,0,0,0,0,0,0,0,0,0,0,0,0,0,0,0,4,4,0.000000,0.000000,0.000000,0.000000,1.000000,0.000000,0.000000,31,34,1.000000,0.000000,0.515152,0.088235,0.032258,0.117647,0.000000,0.00000
0.597007,udp,53,SF,0,77,0,0,0,0,0,0,0,0,0,0,0,0,0,0,0,0,5,5,0.000000,0.000000,0.000000,0.000000,1.000000,0.000000,0.000000,32,35,1.000000,0.000000,0.522388,0.085714,0.031250,0.114286,0.000000,0.00000
10.358060,tcp,443,RSTO,469,4760,0,2,0,0,0,0,0,0,0,0,0,0,0,0,0,0,0,3,0.000000,0.666667,0.000000,0.000000,0.000000,0.000000,1.000000,0,6,0.000000,0.000000,0.000000,1.000000,0.000000,0.833333,0.000000,0.00000
10.357989,tcp,443,RSTO,471,4692,0,1,0,0,0,0,0,0,0,0,0,0,0,0,0,0,0,4,0.000000,0.500000,0.000000,0.000000,0.000000,0.000000,1.000000,0,7,0.000000,0.000000,0.000000,1.000000,0.000000,0.714286,0.000000,0.00000
0.598020,udp,53,SF,0,0,0,0,0,0,0,0,0,0,0,0,0,0,0,0,0,0,6,6,0.000000,0.000000,0.000000,0.000000,1.000000,0.000000,0.000000,33,36,1.000000,0.000000,0.514286,0.083333,0.030303,0.111111,0.000000,0.00000
27.548090,tcp,443,S1,1218,5526,0,1,0,0,0,0,0,0,0,0,0,0,0,0,0,0,0,5,0.000000,0.400000,0.000000,0.000000,0.000000,0.000000,1.000000,1,8,1.000000,0.000000,0.000000,0.875000,1.000000,0.625000,0.000000,0.00000
0.598122,udp,53,SF,0,0,0,0,0,0,0,0,0,0,0,0,0,0,0,0,0,0,7,7,0.000000,0.000000,0.000000,0.000000,1.000000,0.000000,0.000000,34,37,1.000000,0.000000,0.513889,0.081081,0.029412,0.108108,0.000000,0.00000
18.216337,tcp,443,S1,8131,207935,0,43,0,0,0,0,0,0,0,0,0,0,0,0,0,0,1,6,1.000000,0.500000,0.000000,0.000000,1.000000,0.000000,0.833333,2,9,1.000000,0.000000,0.000000,0.777778,1.000000,0.666667,0.000000,0.00000
10.357837,tcp,443,RSTO,461,4759,0,1,0,0,0,0,0,0,0,0,0,0,0,0,0,0,2,7,1.000000,0.571429,0.000000,0.000000,1.000000,0.000000,0.714286,3,10,1.000000,0.000000,0.000000,0.700000,1.000000,0.700000,0.000000,0.00000
45.432694,tcp,443,S1,2110,6018,0,1,0,0,0,0,0,0,0,0,0,0,0,0,0,0,0,8,0.000000,0.500000,0.000000,0.000000,0.000000,0.000000,1.000000,0,11,0.000000,0.000000,0.000000,1.000000,0.000000,0.636364,0.000000,0.00000
0.600157,udp,53,SF,0,77,0,0,0,0,0,0,0,0,0,0,0,0,0,0,0,0,8,8,0.000000,0.000000,0.000000,0.000000,1.000000,0.000000,0.000000,35,38,1.000000,0.000000,0.500000,0.078947,0.028571,0.105263,0.000000,0.00000
0.600600,udp,53,SF,0,69,0,0,0,0,0,0,0,0,0,0,0,0,0,0,0,0,9,9,0.000000,0.000000,0.000000,0.000000,1.000000,0.000000,0.000000,36,39,1.000000,0.000000,0.506494,0.076923,0.027778,0.102564,0.000000,0.00000
45.372695,tcp,443,S1,870,5302,0,1,0,0,0,0,0,0,0,0,0,0,0,0,0,0,1,9,1.000000,0.555556,0.000000,0.000000,1.000000,0.000000,0.888889,1,12,1.000000,0.000000,0.000000,0.916667,1.000000,0.666667,0.000000,0.00000
1.000633,udp,1900,S0,0,0,0,0,0,0,0,0,0,0,0,0,0,0,0,0,0,0,0,0,0.000000,0.000000,0.000000,0.000000,0.000000,0.000000,0.000000,1,1,1.000000,0.000000,0.012658,0.000000,0.000000,0.000000,0.000000,0.00000
0.676102,udp,5353,S0,0,0,0,0,0,0,0,0,0,0,0,0,0,0,0,0,0,0,1,2,1.000000,1.000000,0.000000,0.000000,1.000000,0.000000,0.500000,11,19,1.000000,0.000000,0.237500,0.421053,1.000000,1.000000,0.000000,0.00000
0.676099,udp,5353,S0,0,0,0,0,0,0,0,0,0,0,0,0,0,0,0,0,0,0,1,3,1.000000,1.000000,0.000000,0.000000,1.000000,0.000000,0.666667,8,20,1.000000,0.000000,0.246914,0.600000,1.000000,1.000000,0.000000,0.00000
0.676962,udp,5353,S0,0,0,0,0,0,0,0,0,0,0,0,0,0,0,0,0,0,0,2,4,1.000000,1.000000,0.000000,0.000000,1.000000,0.000000,0.500000,12,21,1.000000,0.000000,0.256098,0.428571,1.000000,1.000000,0.000000,0.00000
0.676962,udp,5353,S0,0,0,0,0,0,0,0,0,0,0,0,0,0,0,0,0,0,0,2,5,1.000000,1.000000,0.000000,0.000000,1.000000,0.000000,0.600000,9,22,1.000000,0.000000,0.265060,0.590909,1.000000,1.000000,0.000000,0.00000
0.000000,udp,17500,OTH,0,0,0,0,0,0,0,0,0,0,0,0,0,0,0,0,0,0,0,0,0.000000,0.000000,0.000000,0.000000,0.000000,0.000000,0.000000,0,0,0.000000,0.000000,0.000000,0.000000,0.000000,0.000000,0.000000,0.00000
0.000000,udp,17500,OTH,0,0,0,0,0,0,0,0,0,0,0,0,0,0,0,0,0,0,0,1,0.000000,0.000000,0.000000,0.000000,0.000000,0.000000,1.000000,5,1,0.000000,1.000000,0.011765,1.000000,0.600000,0.000000,0.000000,0.00000
1.722561,udp,53,SF,0,0,0,0,0,0,0,0,0,0,0,0,0,0,0,0,0,0,10,10,0.000000,0.000000,0.000000,0.000000,1.000000,0.000000,0.000000,37,40,1.000000,0.000000,0.465116,0.075000,0.027027,0.100000,0.000000,0.00000
49.102973,tcp,443,S1,60419,746231,0,105,0,0,0,0,0,0,0,0,0,0,0,0,0,0,1,10,1.000000,0.600000,0.000000,0.000000,1.000000,0.000000,0.900000,1,13,1.000000,0.000000,0.000000,0.923077,1.000000,0.692308,0.000000,0.00000
1.996351,udp,53,SF,0,0,0,0,0,0,0,0,0,0,0,0,0,0,0,0,0,0,11,11,0.000000,0.000000,0.000000,0.000000,1.000000,0.000000,0.000000,38,41,1.000000,0.000000,0.465909,0.073171,0.026316,0.097561,0.000000,0.00000
1.996476,udp,53,SF,0,0,0,0,0,0,0,0,0,0,0,0,0,0,0,0,0,0,12,12,0.000000,0.000000,0.000000,0.000000,1.000000,0.000000,0.000000,39,42,1.000000,0.000000,0.471910,0.071429,0.025641,0.095238,0.000000,0.00000
1.996897,udp,53,SF,0,0,0,0,0,0,0,0,0,0,0,0,0,0,0,0,0,0,13,13,0.000000,0.000000,0.000000,0.000000,1.000000,0.000000,0.000000,40,43,1.000000,0.000000,0.477778,0.069767,0.025000,0.093023,0.000000,0.00000
1.997959,udp,53,SF,0,65,0,0,0,0,0,0,0,0,0,0,0,0,0,0,0,0,14,14,0.000000,0.000000,0.000000,0.000000,1.000000,0.000000,0.000000,41,44,1.000000,0.000000,0.483516,0.068182,0.024390,0.090909,0.000000,0.00000
20.129628,tcp,443,S1,1306,46706,0,10,0,0,0,0,0,0,0,0,0,0,0,0,0,0,0,11,0.000000,0.636364,0.000000,0.000000,0.000000,0.000000,1.000000,0,14,0.000000,0.000000,0.000000,1.000000,0.000000,0.714286,0.000000,0.00000
1.999169,udp,53,SF,0,88,0,0,0,0,0,0,0,0,0,0,0,0,0,0,0,0,15,15,0.000000,0.000000,0.000000,0.000000,1.000000,0.000000,0.000000,42,45,1.000000,0.000000,0.483871,0.066667,0.023810,0.088889,0.000000,0.00000
10.098123,tcp,443,RSTO,471,4693,0,2,0,0,0,0,0,0,0,0,0,0,0,0,0,0,1,12,0.000000,0.666667,0.000000,0.000000,1.000000,0.000000,0.916667,1,15,1.000000,0.000000,0.000000,0.933333,0.000000,0.733333,0.000000,0.00000
2.001569,udp,53,SF,0,88,0,0,0,0,0,0,0,0,0,0,0,0,0,0,0,0,16,16,0.000000,0.000000,0.000000,0.000000,1.000000,0.000000,0.000000,43,46,1.000000,0.000000,0.484211,0.065217,0.023256,0.086957,0.000000,0.00000
10.093004,tcp,443,RSTO,471,4693,0,1,0,0,0,0,0,0,0,0,0,0,0,0,0,0,2,13,0.000000,0.615385,0.000000,0.000000,1.000000,0.000000,0.846154,2,16,1.000000,0.000000,0.000000,0.875000,0.000000,0.687500,0.000000,0.00000
2.000659,udp,1900,S0,0,0,0,0,0,0,0,0,0,0,0,0,0,0,0,0,0,0,1,1,1.000000,1.000000,0.000000,0.000000,1.000000,0.000000,0.000000,2,2,1.000000,0.000000,0.020619,0.000000,0.500000,0.500000,0.000000,0.00000
1.678019,udp,5353,S0,0,0,0,0,0,0,0,0,0,0,0,0,0,0,0,0,0,0,3,6,1.000000,1.000000,0.000000,0.000000,1.000000,0.000000,0.500000,13,23,1.000000,0.000000,0.234694,0.434783,1.000000,1.000000,0.000000,0.00000
1.677993,udp,5353,S0,0,0,0,0,0,0,0,0,0,0,0,0,0,0,0,0,0,0,3,7,1.000000,1.000000,0.000000,0.000000,1.000000,0.000000,0.571429,10,24,1.000000,0.000000,0.242424,0.583333,1.000000,1.000000,0.000000,0.00000
2.210157,udp,53,SF,0,88,0,0,0,0,0,0,0,0,0,0,0,0,0,0,0,0,17,17,0.000000,0.000000,0.000000,0.000000,1.000000,0.000000,0.000000,44,47,1.000000,0.000000,0.470000,0.063830,0.022727,0.085106,0.000000,0.00000
11.254035,tcp,443,RSTO,471,4693,0,1,0,0,0,0,0,0,0,0,0,0,0,0,0,0,3,14,0.000000,0.571429,0.000000,0.000000,1.000000,0.000000,0.785714,3,17,1.000000,0.000000,0.000000,0.823529,0.000000,0.647059,0.000000,0.00000
11.667959,tcp,443,SF,0,0,0,0,0,0,0,0,0,0,0,0,0,0,0,0,0,0,1,15,1.000000,0.533333,0.000000,0.000000,1.000000,0.000000,0.933333,1,18,1.000000,0.000000,0.000000,0.944444,1.000000,0.611111,0.000000,0.00000
0.000000,udp,5353,S0,0,0,0,0,0,0,0,0,0,0,0,0,0,0,0,0,0,0,4,8,1.000000,1.000000,0.000000,0.000000,1.000000,0.000000,0.500000,13,24,1.000000,0.000000,0.240000,0.458333,1.000000,1.000000,0.000000,0.00000
2.771671,udp,53,SF,0,0,0,0,0,0,0,0,0,0,0,0,0,0,0,0,0,0,18,18,0.000000,0.000000,0.000000,0.000000,1.000000,0.000000,0.000000,45,48,1.000000,0.000000,0.480000,0.062500,0.022222,0.083333,0.000000,0.00000
2.774568,udp,53,SF,0,77,0,0,0,0,0,0,0,0,0,0,0,0,0,0,0,0,19,19,0.000000,0.000000,0.000000,0.000000,1.000000,0.000000,0.000000,46,49,1.000000,0.000000,0.490000,0.061224,0.021739,0.081633,0.000000,0.00000
29.716047,tcp,443,S1,12605,12090,0,1,0,0,0,0,0,0,0,0,0,0,0,0,0,0,1,7,1.000000,0.428571,0.000000,0.000000,1.000000,0.000000,0.857143,2,19,1.000000,0.000000,0.000000,0.894737,1.000000,0.578947,0.000000,0.00000
0.000000,udp,5353,S0,0,0,0,0,0,0,0,0,0,0,0,0,0,0,0,0,0,0,1,1,1.000000,1.000000,0.000000,0.000000,1.000000,0.000000,0.000000,12,22,1.000000,0.000000,0.220000,0.454545,1.000000,1.000000,0.000000,0.00000
3.001477,udp,1900,S0,0,0,0,0,0,0,0,0,0,0,0,0,0,0,0,0,0,0,2,2,1.000000,1.000000,0.000000,0.000000,1.000000,0.000000,0.000000,3,3,1.000000,0.000000,0.030000,0.000000,0.666667,0.666667,0.000000,0.00000
5.349793,tcp,443,S1,3816,31579,0,5,0,0,0,0,0,0,0,0,0,0,0,0,0,0,2,7,1.000000,0.428571,0.000000,0.000000,1.000000,0.000000,0.714286,3,20,1.000000,0.000000,0.000000,0.850000,1.000000,0.600000,0.000000,0.00000
3.248533,udp,53,SF,0,0,0,0,0,0,0,0,0,0,0,0,0,0,0,0,0,0,10,10,0.000000,0.000000,0.000000,0.000000,1.000000,0.000000,0.000000,47,50,1.000000,0.000000,0.500000,0.060000,0.021277,0.080000,0.000000,0.00000
3.248704,udp,53,SF,0,0,0,0,0,0,0,0,0,0,0,0,0,0,0,0,0,0,11,11,0.000000,0.000000,0.000000,0.000000,1.000000,0.000000,0.000000,48,51,1.000000,0.000000,0.510000,0.058824,0.020833,0.078431,0.000000,0.00000
3.249098,udp,53,SF,0,0,0,0,0,0,0,0,0,0,0,0,0,0,0,0,0,0,12,12,0.000000,0.000000,0.000000,0.000000,1.000000,0.000000,0.000000,49,52,1.000000,0.000000,0.520000,0.057692,0.020408,0.076923,0.000000,0.00000
3.249159,udp,53,SF,0,0,0,0,0,0,0,0,0,0,0,0,0,0,0,0,0,0,13,13,0.000000,0.000000,0.000000,0.000000,1.000000,0.000000,0.000000,50,53,1.000000,0.000000,0.530000,0.056604,0.020000,0.075472,0.000000,0.00000
3.251138,udp,53,SF,0,77,0,0,0,0,0,0,0,0,0,0,0,0,0,0,0,0,14,14,0.000000,0.000000,0.000000,0.000000,1.000000,0.000000,0.000000,51,54,1.000000,0.000000,0.540000,0.055556,0.019608,0.074074,0.000000,0.00000
10.214752,tcp,443,RSTO,465,4759,0,1,0,0,0,0,0,0,0,0,0,0,0,0,0,0,3,8,1.000000,0.500000,0.000000,0.000000,1.000000,0.000000,0.625000,4,21,1.000000,0.000000,0.000000,0.809524,1.000000,0.619048,0.000000,0.00000
3.251389,udp,53,SF,0,79,0,0,0,0,0,0,0,0,0,0,0,0,0,0,0,0,14,14,0.000000,0.000000,0.000000,0.000000,1.000000,0.000000,0.000000,52,55,1.000000,0.000000,0.550000,0.054545,0.019231,0.072727,0.000000,0.00000
3.293266,udp,53,SF,0,68,0,0,0,0,0,0,0,0,0,0,0,0,0,0,0,0,15,15,0.000000,0.000000,0.000000,0.000000,1.000000,0.000000,0.000000,53,56,1.000000,0.000000,0.560000,0.053571,0.018868,0.071429,0.000000,0.00000
10.172626,tcp,443,RSTO,460,4760,0,1,0,0,0,0,0,0,0,0,0,0,0,0,0,0,3,8,0.666667,0.375000,0.000000,0.000000,1.000000,0.000000,0.625000,5,22,1.000000,0.000000,0.000000,0.772727,0.800000,0.590909,0.000000,0.00000
3.293910,udp,53,SF,0,65,0,0,0,0,0,0,0,0,0,0,0,0,0,0,0,0,12,12,0.000000,0.000000,0.000000,0.000000,1.000000,0.000000,0.000000,54,57,1.000000,0.000000,0.570000,0.052632,0.018519,0.070175,0.000000,0.00000
1.023768,udp,5353,S0,0,0,0,0,0,0,0,0,0,0,0,0,0,0,0,0,0,0,2,3,1.000000,1.000000,0.000000,0.000000,1.000000,0.000000,0.333333,7,12,1.000000,0.000000,0.120000,0.416667,1.000000,1.000000,0.000000,0.00000
3.678516,udp,5353,S0,0,0,0,0,0,0,0,0,0,0,0,0,0,0,0,0,0,0,1,2,1.000000,1.000000,0.000000,0.000000,1.000000,0.000000,0.500000,8,13,1.000000,0.000000,0.130000,0.384615,1.000000,1.000000,0.000000,0.00000
3.678488,udp,5353,S0,0,0,0,0,0,0,0,0,0,0,0,0,0,0,0,0,0,0,1,3,1.000000,1.000000,0.000000,0.000000,1.000000,0.000000,0.666667,5,14,1.000000,0.000000,0.140000,0.642857,1.000000,1.000000,0.000000,0.00000
9.626271,udp,5353,S0,0,0,0,0,0,0,0,0,0,0,0,0,0,0,0,0,0,0,0,0,0.000000,0.000000,0.000000,0.000000,0.000000,0.000000,0.000000,9,15,1.000000,0.000000,0.150000,0.400000,1.000000,1.000000,0.000000,0.00000
9.626280,udp,5353,S0,0,0,0,0,0,0,0,0,0,0,0,0,0,0,0,0,0,0,0,1,0.000000,1.000000,0.000000,0.000000,0.000000,0.000000,1.000000,6,16,1.000000,0.000000,0.160000,0.625000,1.000000,1.000000,0.000000,0.00000
2.048052,udp,5353,S0,0,0,0,0,0,0,0,0,0,0,0,0,0,0,0,0,0,0,0,0,0.000000,0.000000,0.000000,0.000000,0.000000,0.000000,0.000000,10,17,1.000000,0.000000,0.170000,0.411765,1.000000,1.000000,0.000000,0.00000
4.425405,udp,5353,S0,0,0,0,0,0,0,0,0,0,0,0,0,0,0,0,0,0,0,0,0,0.000000,0.000000,0.000000,0.000000,0.000000,0.000000,0.000000,11,18,1.000000,0.000000,0.180000,0.388889,1.000000,1.000000,0.000000,0.00000
4.425406,udp,5353,S0,0,0,0,0,0,0,0,0,0,0,0,0,0,0,0,0,0,0,0,1,0.000000,1.000000,0.000000,0.000000,0.000000,0.000000,1.000000,7,19,1.000000,0.000000,0.190000,0.631579,1.000000,1.000000,0.000000,0.00000
0.000000,udp,5353,S0,0,0,0,0,0,0,0,0,0,0,0,0,0,0,0,0,0,0,0,0,0.000000,0.000000,0.000000,0.000000,0.000000,0.000000,0.000000,12,20,1.000000,0.000000,0.200000,0.400000,1.000000,1.000000,0.000000,0.00000
0.000000,udp,5353,S0,0,0,0,0,0,0,0,0,0,0,0,0,0,0,0,0,0,0,0,1,0.000000,1.000000,0.000000,0.000000,0.000000,0.000000,1.000000,8,21,1.000000,0.000000,0.210000,0.619048,1.000000,1.000000,0.000000,0.00000
10.650012,udp,5353,S0,0,0,0,0,0,0,0,0,0,0,0,0,0,0,0,0,0,0,0,0,0.000000,0.000000,0.000000,0.000000,0.000000,0.000000,0.000000,13,22,1.000000,0.000000,0.220000,0.409091,1.000000,1.000000,0.000000,0.00000
10.650014,udp,5353,S0,0,0,0,0,0,0,0,0,0,0,0,0,0,0,0,0,0,0,0,1,0.000000,1.000000,0.000000,0.000000,0.000000,0.000000,1.000000,9,23,1.000000,0.000000,0.230000,0.608696,1.000000,1.000000,0.000000,0.00000
5.426798,udp,5353,S0,0,0,0,0,0,0,0,0,0,0,0,0,0,0,0,0,0,0,0,0,0.000000,0.000000,0.000000,0.000000,0.000000,0.000000,0.000000,14,24,1.000000,0.000000,0.240000,0.416667,1.000000,1.000000,0.000000,0.00000
5.426738,udp,5353,S0,0,0,0,0,0,0,0,0,0,0,0,0,0,0,0,0,0,0,0,1,0.000000,1.000000,0.000000,0.000000,0.000000,0.000000,1.000000,10,25,1.000000,0.000000,0.250000,0.600000,1.000000,1.000000,0.000000,0.00000
0.000000,udp,5353,S0,0,0,0,0,0,0,0,0,0,0,0,0,0,0,0,0,0,0,0,0,0.000000,0.000000,0.000000,0.000000,0.000000,0.000000,0.000000,15,26,1.000000,0.000000,0.260000,0.423077,1.000000,1.000000,0.000000,0.00000
0.000956,tcp,80,REJ,0,0,0,0,0,0,0,0,0,0,0,0,0,0,0,0,0,0,0,0,0.000000,0.000000,0.000000,0.000000,0.000000,0.000000,0.000000,0,0,0.000000,0.000000,0.000000,0.000000,0.000000,0.000000,0.000000,0.00000
6.737476,udp,53,SF,0,0,0,0,0,0,0,0,0,0,0,0,0,0,0,0,0,0,0,0,0.000000,0.000000,0.000000,0.000000,0.000000,0.000000,0.000000,43,43,1.000000,0.000000,0.430000,0.000000,0.000000,0.000000,0.000000,0.00000
6.737605,udp,53,SF,0,0,0,0,0,0,0,0,0,0,0,0,0,0,0,0,0,0,1,1,0.000000,0.000000,0.000000,0.000000,1.000000,0.000000,0.000000,43,43,1.000000,0.000000,0.430000,0.000000,0.000000,0.000000,0.000000,0.00000
6.737716,udp,53,SF,0,0,0,0,0,0,0,0,0,0,0,0,0,0,0,0,0,0,2,2,0.000000,0.000000,0.000000,0.000000,1.000000,0.000000,0.000000,44,44,1.000000,0.000000,0.440000,0.000000,0.000000,0.000000,0.000000,0.00000
6.737828,udp,53,SF,0,0,0,0,0,0,0,0,0,0,0,0,0,0,0,0,0,0,3,3,0.000000,0.000000,0.000000,0.000000,1.000000,0.000000,0.000000,45,45,1.000000,0.000000,0.450000,0.000000,0.000000,0.000000,0.000000,0.00000
6.738022,udp,53,SF,0,0,0,0,0,0,0,0,0,0,0,0,0,0,0,0,0,0,4,4,0.000000,0.000000,0.000000,0.000000,1.000000,0.000000,0.000000,45,45,1.000000,0.000000,0.450000,0.000000,0.000000,0.000000,0.000000,0.00000
6.740491,udp,53,SF,0,63,0,0,0,0,0,0,0,0,0,0,0,0,0,0,0,0,5,5,0.000000,0.000000,0.000000,0.000000,1.000000,0.000000,0.000000,45,45,1.000000,0.000000,0.450000,0.000000,0.000000,0.000000,0.000000,0.00000
6.741320,udp,53,SF,0,49,0,0,0,0,0,0,0,0,0,0,0,0,0,0,0,0,6,6,0.000000,0.000000,0.000000,0.000000,1.000000,0.000000,0.000000,45,45,1.000000,0.000000,0.450000,0.000000,0.000000,0.000000,0.000000,0.00000
6.741332,udp,53,SF,0,49,0,0,0,0,0,0,0,0,0,0,0,0,0,0,0,0,7,7,0.000000,0.000000,0.000000,0.000000,1.000000,0.000000,0.000000,45,45,1.000000,0.000000,0.450000,0.000000,0.000000,0.000000,0.000000,0.00000
6.741554,udp,53,SF,0,0,0,0,0,0,0,0,0,0,0,0,0,0,0,0,0,0,8,8,0.000000,0.000000,0.000000,0.000000,1.000000,0.000000,0.000000,45,45,1.000000,0.000000,0.450000,0.000000,0.000000,0.000000,0.000000,0.00000
11.219243,tcp,443,RSTO,329,3481,0,1,0,0,0,0,0,0,0,0,0,0,0,0,0,0,0,0,0.000000,0.000000,0.000000,0.000000,0.000000,0.000000,0.000000,0,22,0.000000,0.000000,0.000000,1.000000,0.000000,0.545455,0.000000,0.00000
11.219167,tcp,443,RSTO,329,3481,0,1,0,0,0,0,0,0,0,0,0,0,0,0,0,0,1,1,0.000000,0.000000,0.000000,0.000000,1.000000,0.000000,0.000000,1,23,1.000000,0.000000,0.000000,0.956522,0.000000,0.521739,0.000000,0.00000
13.223822,tcp,443,RSTO,859,4251,0,1,0,0,0,0,0,0,0,0,0,0,0,0,0,0,2,2,0.000000,0.000000,0.000000,0.000000,1.000000,0.000000,0.000000,2,24,1.000000,0.000000,0.000000,0.916667,0.000000,0.500000,0.000000,0.00000
11.460378,tcp,443,SF,329,6163,0,1,0,0,0,0,0,0,0,0,0,0,0,0,0,0,0,3,0.000000,0.000000,0.000000,0.000000,0.000000,0.000000,1.000000,0,25,0.000000,0.000000,0.000000,1.000000,0.000000,0.480000,0.000000,0.00000
6.749603,udp,53,SF,0,0,0,0,0,0,0,0,0,0,0,0,0,0,0,0,0,0,0,0,0.000000,0.000000,0.000000,0.000000,0.000000,0.000000,0.000000,41,41,1.000000,0.000000,0.410000,0.000000,0.000000,0.000000,0.000000,0.00000
3.427397,tcp,443,SF,889,9326,0,2,0,0,0,0,0,0,0,0,0,0,0,0,0,0,1,4,0.000000,0.000000,0.000000,0.000000,1.000000,0.000000,0.750000,1,26,1.000000,0.000000,0.000000,0.961538,0.000000,0.461538,0.000000,0.00000
11.436148,tcp,443,SF,329,6163,0,1,0,0,0,0,0,0,0,0,0,0,0,0,0,0,2,5,0.000000,0.000000,0.000000,0.000000,1.000000,0.000000,0.600000,2,27,1.000000,0.000000,0.000000,0.925926,0.000000,0.444444,0.000000,0.00000
11.455399,tcp,443,SF,329,6163,0,2,0,0,0,0,0,0,0,0,0,0,0,0,0,0,3,6,0.000000,0.000000,0.000000,0.000000,1.000000,0.000000,0.500000,3,28,1.000000,0.000000,0.000000,0.892857,0.000000,0.428571,0.000000,0.00000
11.437044,tcp,443,SF,329,6163,0,1,0,0,0,0,0,0,0,0,0,0,0,0,0,0,4,7,0.000000,0.000000,0.000000,0.000000,1.000000,0.000000,0.428571,4,28,1.000000,0.000000,0.000000,0.857143,0.000000,0.392857,0.000000,0.00000
11.442326,tcp,443,SF,329,6163,0,2,0,0,0,0,0,0,0,0,0,0,0,0,0,0,5,8,0.000000,0.000000,0.000000,0.000000,1.000000,0.000000,0.375000,5,29,1.000000,0.000000,0.000000,0.827586,0.000000,0.379310,0.000000,0.00000
6.749722,udp,53,SF,0,0,0,0,0,0,0,0,0,0,0,0,0,0,0,0,0,0,1,1,0.000000,0.000000,0.000000,0.000000,1.000000,0.000000,0.000000,38,38,1.000000,0.000000,0.380000,0.000000,0.000000,0.000000,0.000000,0.00000
8.223270,tcp,443,S1,1514,37690,0,14,0,0,0,0,0,0,0,0,0,0,0,0,0,0,0,5,0.000000,0.000000,0.000000,0.000000,0.000000,0.000000,1.000000,0,29,0.000000,0.000000,0.000000,1.000000,0.000000,0.344828,0.000000,0.00000
6.753669,udp,53,SF,0,0,0,0,0,0,0,0,0,0,0,0,0,0,0,0,0,0,1,1,0.000000,0.000000,0.000000,0.000000,1.000000,0.000000,0.000000,39,39,1.000000,0.000000,0.390000,0.000000,0.000000,0.000000,0.000000,0.00000
6.759924,udp,53,SF,0,142,0,0,0,0,0,0,0,0,0,0,0,0,0,0,0,0,2,2,0.000000,0.000000,0.000000,0.000000,1.000000,0.000000,0.000000,39,39,1.000000,0.000000,0.390000,0.000000,0.000000,0.000000,0.000000,0.00000
9.087473,tcp,443,S1,1960,5742,0,2,0,0,0,0,0,0,0,0,0,0,0,0,0,0,0,1,0.000000,1.000000,0.000000,0.000000,0.000000,0.000000,1.000000,0,30,0.000000,0.000000,0.000000,1.000000,0.000000,0.366667,0.000000,0.00000
9.080092,tcp,443,S1,1960,5742,0,1,0,0,0,0,0,0,0,0,0,0,0,0,0,0,1,2,1.000000,1.000000,0.000000,0.000000,1.000000,0.000000,0.500000,1,30,1.000000,0.000000,0.000000,0.966667,1.000000,0.366667,0.000000,0.00000
6.760972,udp,53,SF,0,55,0,0,0,0,0,0,0,0,0,0,0,0,0,0,0,0,2,2,0.000000,0.000000,0.000000,0.000000,1.000000,0.000000,0.000000,39,39,1.000000,0.000000,0.390000,0.000000,0.000000,0.000000,0.000000,0.00000
9.088151,tcp,443,S1,1960,5742,0,1,0,0,0,0,0,0,0,0,0,0,0,0,0,0,2,2,1.000000,1.000000,0.000000,0.000000,1.000000,0.000000,0.000000,2,30,1.000000,0.000000,0.000000,0.933333,1.000000,0.400000,0.000000,0.00000
9.080023,tcp,443,S1,1960,5742,0,1,0,0,0,0,0,0,0,0,0,0,0,0,0,0,3,3,1.000000,1.000000,0.000000,0.000000,1.000000,0.000000,0.000000,3,31,1.000000,0.000000,0.000000,0.903226,1.000000,0.419355,0.000000,0.00000
9.079955,tcp,443,S1,2771,6019,0,1,0,0,0,0,0,0,0,0,0,0,0,0,0,0,4,4,1.000000,1.000000,0.000000,0.000000,1.000000,0.000000,0.000000,4,32,1.000000,0.000000,0.000000,0.875000,1.000000,0.437500,0.000000,0.00000
9.130738,tcp,443,S1,2771,6019,0,2,0,0,0,0,0,0,0,0,0,0,0,0,0,0,5,5,1.000000,1.000000,0.000000,0.000000,1.000000,0.000000,0.000000,5,33,1.000000,0.000000,0.000000,0.848485,1.000000,0.454545,0.000000,0.00000
12.118568,tcp,443,SF,359,5773,0,1,0,0,0,0,0,0,0,0,0,0,0,0,0,0,0,6,0.000000,1.000000,0.000000,0.000000,0.000000,0.000000,1.000000,0,33,0.000000,0.000000,0.000000,1.000000,0.000000,0.454545,0.000000,0.00000
11.414124,tcp,443,SF,359,5773,0,1,0,0,0,0,0,0,0,0,0,0,0,0,0,0,1,7,0.000000,0.857143,0.000000,0.000000,1.000000,0.000000,0.857143,1,34,1.000000,0.000000,0.000000,0.970588,0.000000,0.441176,0.000000,0.00000
11.411138,tcp,443,SF,359,5773,0,2,0,0,0,0,0,0,0,0,0,0,0,0,0,0,2,8,0.000000,0.750000,0.000000,0.000000,1.000000,0.000000,0.750000,2,35,1.000000,0.000000,0.000000,0.942857,0.000000,0.428571,0.000000,0.00000
6.761201,udp,53,SF,0,0,0,0,0,0,0,0,0,0,0,0,0,0,0,0,0,0,1,1,0.000000,0.000000,0.000000,0.000000,1.000000,0.000000,0.000000,36,36,1.000000,0.000000,0.360000,0.000000,0.000000,0.000000,0.000000,0.00000
11.419898,tcp,443,SF,359,5773,0,1,0,0,0,0,0,0,0,0,0,0,0,0,0,0,3,7,0.000000,0.571429,0.000000,0.000000,1.000000,0.000000,0.571429,3,34,1.000000,0.000000,0.000000,0.911765,0.000000,0.441176,0.000000,0.00000
11.419871,tcp,443,SF,359,5773,0,1,0,0,0,0,0,0,0,0,0,0,0,0,0,0,4,8,0.000000,0.500000,0.000000,0.000000,1.000000,0.000000,0.500000,4,35,1.000000,0.000000,0.000000,0.885714,0.000000,0.428571,0.000000,0.00000
6.768102,udp,53,SF,0,79,0,0,0,0,0,0,0,0,0,0,0,0,0,0,0,0,1,1,0.000000,0.000000,0.000000,0.000000,1.000000,0.000000,0.000000,36,36,1.000000,0.000000,0.360000,0.000000,0.000000,0.000000,0.000000,0.00000
15.099859,tcp,443,S1,7388,494171,0,77,0,0,0,0,0,0,0,0,0,0,0,0,0,0,0,2,0.000000,0.000000,0.000000,0.000000,0.000000,0.000000,1.000000,0,35,0.000000,0.000000,0.000000,1.000000,0.000000,0.400000,0.000000,0.00000
6.777420,udp,53,SF,0,55,0,0,0,0,0,0,0,0,0,0,0,0,0,0,0,0,1,1,0.000000,0.000000,0.000000,0.000000,1.000000,0.000000,0.000000,36,36,1.000000,0.000000,0.360000,0.000000,0.000000,0.000000,0.000000,0.00000
11.190927,tcp,443,RSTO,335,5724,0,2,0,0,0,0,0,0,0,0,0,0,0,0,0,0,0,1,0.000000,1.000000,0.000000,0.000000,0.000000,0.000000,1.000000,0,34,0.000000,0.000000,0.000000,1.000000,0.000000,0.411765,0.000000,0.00000
11.190749,tcp,443,RSTO,335,5724,0,1,0,0,0,0,0,0,0,0,0,0,0,0,0,0,1,2,0.000000,0.500000,0.000000,0.000000,1.000000,0.000000,0.500000,1,34,1.000000,0.000000,0.000000,0.970588,0.000000,0.382353,0.000000,0.00000
11.190610,tcp,443,RSTO,335,5724,0,2,0,0,0,0,0,0,0,0,0,0,0,0,0,0,2,3,0.000000,0.333333,0.000000,0.000000,1.000000,0.000000,0.333333,2,35,1.000000,0.000000,0.000000,0.942857,0.000000,0.371429,0.000000,0.00000
11.190677,tcp,443,RSTO,335,5724,0,2,0,0,0,0,0,0,0,0,0,0,0,0,0,0,3,4,0.000000,0.250000,0.000000,0.000000,1.000000,0.000000,0.250000,3,36,1.000000,0.000000,0.000000,0.916667,0.000000,0.361111,0.000000,0.00000
11.190597,tcp,443,RSTO,335,5724,0,1,0,0,0,0,0,0,0,0,0,0,0,0,0,0,4,5,0.000000,0.200000,0.000000,0.000000,1.000000,0.000000,0.200000,4,36,1.000000,0.000000,0.000000,0.888889,0.000000,0.333333,0.000000,0.00000
6.786158,udp,53,SF,0,52,0,0,0,0,0,0,0,0,0,0,0,0,0,0,0,0,1,1,0.000000,0.000000,0.000000,0.000000,1.000000,0.000000,0.000000,35,35,1.000000,0.000000,0.350000,0.000000,0.000000,0.000000,0.000000,0.00000
11.587100,tcp,443,SF,548,4422,0,0,0,0,0,0,0,0,0,0,0,0,0,0,0,0,0,5,0.000000,0.000000,0.000000,0.000000,0.000000,0.000000,1.000000,0,37,0.000000,0.000000,0.000000,1.000000,0.000000,0.324324,0.000000,0.00000
12.292088,tcp,443,SF,548,4422,0,0,0,0,0,0,0,0,0,0,0,0,0,0,0,0,1,6,0.000000,0.000000,0.000000,0.000000,1.000000,0.000000,0.833333,1,38,1.000000,0.000000,0.000000,0.973684,0.000000,0.315789,0.000000,0.00000
12.292871,tcp,443,SF,548,4422,0,0,0,0,0,0,0,0,0,0,0,0,0,0,0,0,2,7,0.000000,0.000000,0.000000,0.000000,1.000000,0.000000,0.714286,2,39,1.000000,0.000000,0.000000,0.948718,0.000000,0.307692,0.000000,0.00000
11.585109,tcp,443,SF,548,4422,0,0,0,0,0,0,0,0,0,0,0,0,0,0,0,0,3,8,0.000000,0.000000,0.000000,0.000000,1.000000,0.000000,0.625000,3,40,1.000000,0.000000,0.000000,0.925000,0.000000,0.300000,0.000000,0.00000
12.279043,tcp,443,SF,548,4422,0,0,0,0,0,0,0,0,0,0,0,0,0,0,0,0,4,9,0.000000,0.000000,0.000000,0.000000,1.000000,0.000000,0.555556,4,41,1.000000,0.000000,0.000000,0.902439,0.000000,0.292683,0.000000,0.00000
11.586518,tcp,443,SF,548,4422,0,0,0,0,0,0,0,0,0,0,0,0,0,0,0,0,5,10,0.000000,0.000000,0.000000,0.000000,1.000000,0.000000,0.500000,5,42,1.000000,0.000000,0.000000,0.880952,0.000000,0.285714,0.000000,0.00000
6.787054,udp,53,SF,0,69,0,0,0,0,0,0,0,0,0,0,0,0,0,0,0,0,1,1,0.000000,0.000000,0.000000,0.000000,1.000000,0.000000,0.000000,35,35,1.000000,0.000000,0.350000,0.000000,0.000000,0.000000,0.000000,0.00000
6.794517,udp,53,SF,0,51,0,0,0,0,0,0,0,0,0,0,0,0,0,0,0,0,2,2,0.000000,0.000000,0.000000,0.000000,1.000000,0.000000,0.000000,36,36,1.000000,0.000000,0.360000,0.000000,0.000000,0.000000,0.000000,0.00000
11.160093,tcp,443,RSTO,300,4317,0,1,0,0,0,0,0,0,0,0,0,0,0,0,0,0,0,6,0.000000,0.000000,0.000000,0.000000,0.000000,0.000000,1.000000,0,42,0.000000,0.000000,0.000000,1.000000,0.000000,0.261905,0.000000,0.00000
11.159969,tcp,443,RSTO,300,4318,0,0,0,0,0,0,0,0,0,0,0,0,0,0,0,0,1,7,0.000000,0.000000,0.000000,0.000000,1.000000,0.000000,0.857143,1,43,1.000000,0.000000,0.000000,0.976744,0.000000,0.255814,0.000000,0.00000
11.159973,tcp,443,RSTO,300,4318,0,1,0,0,0,0,0,0,0,0,0,0,0,0,0,0,2,8,0.000000,0.000000,0.000000,0.000000,1.000000,0.000000,0.750000,2,44,1.000000,0.000000,0.000000,0.954545,0.000000,0.250000,0.000000,0.00000
11.159886,tcp,443,RSTO,300,4318,0,2,0,0,0,0,0,0,0,0,0,0,0,0,0,0,3,9,0.000000,0.000000,0.000000,0.000000,1.000000,0.000000,0.666667,3,45,1.000000,0.000000,0.000000,0.933333,0.000000,0.244444,0.000000,0.00000
11.159833,tcp,443,RSTO,300,4319,0,1,0,0,0,0,0,0,0,0,0,0,0,0,0,0,4,10,0.000000,0.000000,0.000000,0.000000,1.000000,0.000000,0.600000,4,45,1.000000,0.000000,0.000000,0.911111,0.000000,0.222222,0.000000,0.00000
11.159943,tcp,443,RSTO,300,4319,0,2,0,0,0,0,0,0,0,0,0,0,0,0,0,0,5,11,0.000000,0.000000,0.000000,0.000000,1.000000,0.000000,0.545455,5,46,1.000000,0.000000,0.000000,0.891304,0.000000,0.217391,0.000000,0.00000
11.159934,tcp,443,RSTO,331,3343,0,1,0,0,0,0,0,0,0,0,0,0,0,0,0,0,0,12,0.000000,0.000000,0.000000,0.000000,0.000000,0.000000,1.000000,0,46,0.000000,0.000000,0.000000,1.000000,0.000000,0.217391,0.000000,0.00000
11.159938,tcp,443,RSTO,331,3343,0,1,0,0,0,0,0,0,0,0,0,0,0,0,0,0,1,13,0.000000,0.000000,0.000000,0.000000,1.000000,0.000000,0.923077,1,47,1.000000,0.000000,0.000000,0.978723,0.000000,0.212766,0.000000,0.00000
11.159943,tcp,443,RSTO,331,3343,0,1,0,0,0,0,0,0,0,0,0,0,0,0,0,0,2,14,0.000000,0.000000,0.000000,0.000000,1.000000,0.000000,0.857143,2,47,1.000000,0.000000,0.000000,0.957447,0.000000,0.212766,0.000000,0.00000
11.159949,tcp,443,RSTO,331,3343,0,1,0,0,0,0,0,0,0,0,0,0,0,0,0,0,3,15,0.000000,0.000000,0.000000,0.000000,1.000000,0.000000,0.800000,3,48,1.000000,0.000000,0.000000,0.937500,0.000000,0.208333,0.000000,0.00000
11.206375,tcp,443,SF,0,0,0,0,0,0,0,0,0,0,0,0,0,0,0,0,0,0,0,16,0.000000,0.000000,0.000000,0.000000,0.000000,0.000000,1.000000,1,49,1.000000,0.000000,0.000000,0.979592,1.000000,0.204082,0.000000,0.00000
7.052835,udp,53,SF,0,0,0,0,0,0,0,0,0,0,0,0,0,0,0,0,0,0,2,2,0.000000,0.000000,0.000000,0.000000,1.000000,0.000000,0.000000,31,31,1.000000,0.000000,0.310000,0.000000,0.000000,0.000000,0.000000,0.00000
7.052863,udp,53,SF,0,0,0,0,0,0,0,0,0,0,0,0,0,0,0,0,0,0,3,3,0.000000,0.000000,0.000000,0.000000,1.000000,0.000000,0.000000,31,31,1.000000,0.000000,0.310000,0.000000,0.000000,0.000000,0.000000,0.00000
7.052875,udp,53,SF,0,0,0,0,0,0,0,0,0,0,0,0,0,0,0,0,0,0,4,4,0.000000,0.000000,0.000000,0.000000,1.000000,0.000000,0.000000,32,32,1.000000,0.000000,0.320000,0.000000,0.000000,0.000000,0.000000,0.00000
7.195473,udp,53,SF,0,47,0,0,0,0,0,0,0,0,0,0,0,0,0,0,0,0,5,5,0.000000,0.000000,0.000000,0.000000,1.000000,0.000000,0.000000,33,33,1.000000,0.000000,0.330000,0.000000,0.000000,0.000000,0.000000,0.00000
7.195689,udp,53,SF,0,0,0,0,0,0,0,0,0,0,0,0,0,0,0,0,0,0,6,6,0.000000,0.000000,0.000000,0.000000,1.000000,0.000000,0.000000,34,34,1.000000,0.000000,0.340000,0.000000,0.000000,0.000000,0.000000,0.00000
7.241725,udp,53,SF,0,47,0,0,0,0,0,0,0,0,0,0,0,0,0,0,0,0,7,7,0.000000,0.000000,0.000000,0.000000,1.000000,0.000000,0.000000,34,34,1.000000,0.000000,0.340000,0.000000,0.000000,0.000000,0.000000,0.00000
7.241738,udp,53,SF,0,41,0,0,0,0,0,0,0,0,0,0,0,0,0,0,0,0,8,8,0.000000,0.000000,0.000000,0.000000,1.000000,0.000000,0.000000,34,34,1.000000,0.000000,0.340000,0.000000,0.000000,0.000000,0.000000,0.00000
7.241741,udp,53,SF,0,33,0,0,0,0,0,0,0,0,0,0,0,0,0,0,0,0,9,9,0.000000,0.000000,0.000000,0.000000,1.000000,0.000000,0.000000,35,35,1.000000,0.000000,0.350000,0.000000,0.000000,0.000000,0.000000,0.00000
7.241855,udp,53,SF,0,0,0,0,0,0,0,0,0,0,0,0,0,0,0,0,0,0,10,10,0.000000,0.000000,0.000000,0.000000,1.000000,0.000000,0.000000,36,36,1.000000,0.000000,0.360000,0.000000,0.000000,0.000000,0.000000,0.00000
7.241876,udp,53,SF,0,0,0,0,0,0,0,0,0,0,0,0,0,0,0,0,0,0,11,11,0.000000,0.000000,0.000000,0.000000,1.000000,0.000000,0.000000,37,37,1.000000,0.000000,0.370000,0.000000,0.000000,0.000000,0.000000,0.00000
7.288850,udp,53,SF,0,33,0,0,0,0,0,0,0,0,0,0,0,0,0,0,0,0,12,12,0.000000,0.000000,0.000000,0.000000,1.000000,0.000000,0.000000,38,38,1.000000,0.000000,0.380000,0.000000,0.000000,0.000000,0.000000,0.00000
7.488317,udp,53,SF,0,27,0,0,0,0,0,0,0,0,0,0,0,0,0,0,0,0,13,13,0.000000,0.000000,0.000000,0.000000,1.000000,0.000000,0.000000,38,38,1.000000,0.000000,0.380000,0.000000,0.000000,0.000000,0.000000,0.00000
7.889782,udp,53,SF,0,0,0,0,0,0,0,0,0,0,0,0,0,0,0,0,0,0,14,14,0.000000,0.000000,0.000000,0.000000,1.000000,0.000000,0.000000,38,38,1.000000,0.000000,0.380000,0.000000,0.000000,0.000000,0.000000,0.00000
7.897495,udp,53,SF,0,61,0,0,0,0,0,0,0,0,0,0,0,0,0,0,0,0,15,15,0.000000,0.000000,0.000000,0.000000,1.000000,0.000000,0.000000,38,38,1.000000,0.000000,0.380000,0.000000,0.000000,0.000000,0.000000,0.00000
12.173139,tcp,443,S1,5069,13434,0,3,0,0,0,0,0,0,0,0,0,0,0,0,0,0,0,11,0.000000,0.000000,0.000000,0.000000,0.000000,0.000000,1.000000,0,46,0.000000,0.000000,0.000000,1.000000,0.000000,0.173913,0.000000,0.00000
7.427002,udp,5353,S0,0,0,0,0,0,0,0,0,0,0,0,0,0,0,0,0,0,0,0,0,0.000000,0.000000,0.000000,0.000000,0.000000,0.000000,0.000000,9,15,1.000000,0.000000,0.150000,0.400000,1.000000,1.000000,0.000000,0.00000
7.427002,udp,5353,S0,0,0,0,0,0,0,0,0,0,0,0,0,0,0,0,0,0,0,0,1,0.000000,1.000000,0.000000,0.000000,0.000000,0.000000,1.000000,6,16,1.000000,0.000000,0.160000,0.625000,1.000000,1.000000,0.000000,0.00000
1.844306,udp,5353,S0,0,0,0,0,0,0,0,0,0,0,0,0,0,0,0,0,0,0,0,0,0.000000,0.000000,0.000000,0.000000,0.000000,0.000000,0.000000,10,17,1.000000,0.000000,0.170000,0.411765,1.000000,1.000000,0.000000,0.00000
8.318075,udp,53,SF,0,0,0,0,0,0,0,0,0,0,0,0,0,0,0,0,0,0,14,14,0.000000,0.000000,0.000000,0.000000,1.000000,0.000000,0.000000,35,35,1.000000,0.000000,0.350000,0.000000,0.000000,0.000000,0.000000,0.00000
8.320021,udp,53,SF,0,102,0,0,0,0,0,0,0,0,0,0,0,0,0,0,0,0,15,15,0.000000,0.000000,0.000000,0.000000,1.000000,0.000000,0.000000,36,36,1.000000,0.000000,0.360000,0.000000,0.000000,0.000000,0.000000,0.00000
8.320125,udp,53,SF,0,0,0,0,0,0,0,0,0,0,0,0,0,0,0,0,0,0,16,16,0.000000,0.000000,0.000000,0.000000,1.000000,0.000000,0.000000,36,36,1.000000,0.000000,0.360000,0.000000,0.000000,0.000000,0.000000,0.00000
27.193764,tcp,443,S1,2976,5319,0,1,0,0,0,0,0,0,0,0,0,0,0,0,0,0,0,1,0.000000,1.000000,0.000000,0.000000,0.000000,0.000000,1.000000,0,45,0.000000,0.000000,0.000000,1.000000,0.000000,0.200000,0.000000,0.00000
8.322545,udp,53,SF,0,86,0,0,0,0,0,0,0,0,0,0,0,0,0,0,0,0,3,3,0.000000,0.000000,0.000000,0.000000,1.000000,0.000000,0.000000,37,37,1.000000,0.000000,0.370000,0.000000,0.000000,0.000000,0.000000,0.00000
12.840299,tcp,443,S1,1041,92877,0,22,0,0,0,0,0,0,0,0,0,0,0,0,0,0,0,1,0.000000,1.000000,0.000000,0.000000,0.000000,0.000000,1.000000,0,46,0.000000,0.000000,0.000000,1.000000,0.000000,0.217391,0.000000,0.00000
8.436578,udp,53,SF,0,0,0,0,0,0,0,0,0,0,0,0,0,0,0,0,0,0,4,4,0.000000,0.000000,0.000000,0.000000,1.000000,0.000000,0.000000,38,38,1.000000,0.000000,0.380000,0.000000,0.000000,0.000000,0.000000,0.00000
8.438996,udp,53,SF,0,77,0,0,0,0,0,0,0,0,0,0,0,0,0,0,0,0,5,5,0.000000,0.000000,0.000000,0.000000,1.000000,0.000000,0.000000,39,39,1.000000,0.000000,0.390000,0.000000,0.000000,0.000000,0.000000,0.00000
12.525922,tcp,443,S1,1350,6202,0,1,0,0,0,0,0,0,0,0,0,0,0,0,0,0,1,2,1.000000,1.000000,0.000000,0.000000,1.000000,0.000000,0.500000,1,47,1.000000,0.000000,0.000000,0.978723,1.000000,0.234043,0.000000,0.00000
8.500694,udp,53,SF,0,0,0,0,0,0,0,0,0,0,0,0,0,0,0,0,0,0,3,3,0.000000,0.000000,0.000000,0.000000,1.000000,0.000000,0.000000,40,40,1.000000,0.000000,0.400000,0.000000,0.000000,0.000000,0.000000,0.00000
8.508725,udp,53,SF,0,47,0,0,0,0,0,0,0,0,0,0,0,0,0,0,0,0,4,4,0.000000,0.000000,0.000000,0.000000,1.000000,0.000000,0.000000,41,41,1.000000,0.000000,0.410000,0.000000,0.000000,0.000000,0.000000,0.00000
10.169724,tcp,443,RSTO,527,3895,0,0,0,0,0,0,0,0,0,0,0,0,0,0,0,0,0,2,0.000000,1.000000,0.000000,0.000000,0.000000,0.000000,1.000000,0,48,0.000000,0.000000,0.000000,1.000000,0.000000,0.250000,0.000000,0.00000
0.119561,tcp,443,RSTO,1609,4183,0,1,0,0,0,0,0,0,0,0,0,0,0,0,0,0,1,3,0.000000,0.666667,0.000000,0.000000,1.000000,0.000000,0.666667,1,49,1.000000,0.000000,0.000000,0.979592,0.000000,0.244898,0.000000,0.00000
8.589000,udp,53,SF,0,0,0,0,0,0,0,0,0,0,0,0,0,0,0,0,0,0,4,4,0.000000,0.000000,0.000000,0.000000,1.000000,0.000000,0.000000,42,42,1.000000,0.000000,0.420000,0.000000,0.000000,0.000000,0.000000,0.00000
8.630009,udp,53,SF,0,59,0,0,0,0,0,0,0,0,0,0,0,0,0,0,0,0,5,5,0.000000,0.000000,0.000000,0.000000,1.000000,0.000000,0.000000,43,43,1.000000,0.000000,0.430000,0.000000,0.000000,0.000000,0.000000,0.00000
0.175709,tcp,443,SF,1669,4343,0,1,0,0,0,0,0,0,0,0,0,0,0,0,0,0,0,3,0.000000,0.333333,0.000000,0.000000,0.000000,0.000000,1.000000,0,50,0.000000,0.000000,0.000000,1.000000,0.000000,0.240000,0.000000,0.00000
8.911331,udp,53,SF,0,0,0,0,0,0,0,0,0,0,0,0,0,0,0,0,0,0,4,4,0.000000,0.000000,0.000000,0.000000,1.000000,0.000000,0.000000,44,44,1.000000,0.000000,0.440000,0.000000,0.000000,0.000000,0.000000,0.00000
8.913645,udp,53,SF,0,90,0,0,0,0,0,0,0,0,0,0,0,0,0,0,0,0,5,5,0.000000,0.000000,0.000000,0.000000,1.000000,0.000000,0.000000,45,45,1.000000,0.000000,0.450000,0.000000,0.000000,0.000000,0.000000,0.00000
10.134796,tcp,443,RSTO,335,3827,0,1,0,0,0,0,0,0,0,0,0,0,0,0,0,0,0,3,0.000000,0.000000,0.000000,0.000000,0.000000,0.000000,1.000000,1,51,1.000000,0.000000,0.000000,0.980392,1.000000,0.235294,0.000000,0.00000
9.156329,udp,53,SF,0,0,0,0,0,0,0,0,0,0,0,0,0,0,0,0,0,0,4,4,0.000000,0.000000,0.000000,0.000000,1.000000,0.000000,0.000000,45,45,1.000000,0.000000,0.450000,0.000000,0.000000,0.000000,0.000000,0.00000
9.198970,udp,53,SF,0,156,0,0,0,0,0,0,0,0,0,0,0,0,0,0,0,0,5,5,0.000000,0.000000,0.000000,0.000000,1.000000,0.000000,0.000000,45,45,1.000000,0.000000,0.450000,0.000000,0.000000,0.000000,0.000000,0.00000
40.864276,tcp,443,S1,3711,5954,0,2,0,0,0,0,0,0,0,0,0,0,0,0,0,0,0,2,0.000000,0.000000,0.000000,0.000000,0.000000,0.000000,1.000000,0,52,0.000000,0.000000,0.000000,1.000000,0.000000,0.230769,0.000000,0.00000
9.351012,udp,53,S0,0,0,0,0,0,0,0,0,0,0,0,0,0,0,0,0,0,0,0,4,0.000000,0.000000,0.000000,0.000000,0.000000,0.000000,1.000000,0,44,0.000000,0.000000,0.440000,1.000000,0.000000,0.000000,0.000000,0.00000
9.351011,udp,53,SF,0,0,0,0,0,0,0,0,0,0,0,0,0,0,0,0,0,0,4,5,0.000000,0.200000,0.000000,0.000000,1.000000,0.000000,0.200000,43,44,1.000000,0.000000,0.440000,0.022727,0.000000,0.022727,0.000000,0.00000
9.351121,udp,53,SF,0,0,0,0,0,0,0,0,0,0,0,0,0,0,0,0,0,0,5,6,0.000000,0.166667,0.000000,0.000000,1.000000,0.000000,0.166667,43,44,1.000000,0.000000,0.440000,0.022727,0.000000,0.022727,0.000000,0.00000
9.351318,udp,53,SF,0,0,0,0,0,0,0,0,0,0,0,0,0,0,0,0,0,0,6,7,0.000000,0.142857,0.000000,0.000000,1.000000,0.000000,0.142857,43,44,1.000000,0.000000,0.440000,0.022727,0.000000,0.022727,0.000000,0.00000
9.351375,udp,53,SF,0,0,0,0,0,0,0,0,0,0,0,0,0,0,0,0,0,0,7,8,0.000000,0.125000,0.000000,0.000000,1.000000,0.000000,0.125000,43,44,1.000000,0.000000,0.440000,0.022727,0.000000,0.022727,0.000000,0.00000
9.351982,udp,53,SF,0,0,0,0,0,0,0,0,0,0,0,0,0,0,0,0,0,0,8,9,0.000000,0.111111,0.000000,0.000000,1.000000,0.000000,0.111111,43,44,1.000000,0.000000,0.440000,0.022727,0.000000,0.022727,0.000000,0.00000
9.352570,udp,53,SF,0,0,0,0,0,0,0,0,0,0,0,0,0,0,0,0,0,0,9,10,0.000000,0.100000,0.000000,0.000000,1.000000,0.000000,0.100000,44,45,1.000000,0.000000,0.450000,0.022222,0.000000,0.022222,0.000000,0.00000
9.356596,udp,53,SF,0,82,0,0,0,0,0,0,0,0,0,0,0,0,0,0,0,0,10,11,0.000000,0.090909,0.000000,0.000000,1.000000,0.000000,0.090909,45,46,1.000000,0.000000,0.460000,0.021739,0.000000,0.021739,0.000000,0.00000
9.356938,udp,53,SF,0,82,0,0,0,0,0,0,0,0,0,0,0,0,0,0,0,0,11,12,0.000000,0.083333,0.000000,0.000000,1.000000,0.000000,0.083333,46,47,1.000000,0.000000,0.470000,0.021277,0.000000,0.021277,0.000000,0.00000
9.356954,udp,53,SF,0,46,0,0,0,0,0,0,0,0,0,0,0,0,0,0,0,0,12,13,0.000000,0.076923,0.000000,0.000000,1.000000,0.000000,0.076923,47,48,1.000000,0.000000,0.480000,0.020833,0.000000,0.020833,0.000000,0.00000
9.356958,udp,53,SF,0,75,0,0,0,0,0,0,0,0,0,0,0,0,0,0,0,0,13,14,0.000000,0.071429,0.000000,0.000000,1.000000,0.000000,0.071429,47,48,1.000000,0.000000,0.480000,0.020833,0.000000,0.020833,0.000000,0.00000
10.112794,tcp,443,RSTO,338,3826,0,1,0,0,0,0,0,0,0,0,0,0,0,0,0,0,0,2,0.000000,0.500000,0.000000,0.000000,0.000000,0.000000,1.000000,0,48,0.000000,0.000000,0.000000,1.000000,0.000000,0.270833,0.000000,0.00000
9.357374,udp,53,SF,0,0,0,0,0,0,0,0,0,0,0,0,0,0,0,0,0,0,12,13,0.000000,0.076923,0.000000,0.000000,1.000000,0.000000,0.076923,48,49,1.000000,0.000000,0.490000,0.020408,0.000000,0.020408,0.000000,0.00000
9.357958,udp,53,SF,0,0,0,0,0,0,0,0,0,0,0,0,0,0,0,0,0,0,13,14,0.000000,0.071429,0.000000,0.000000,1.000000,0.000000,0.071429,49,50,1.000000,0.000000,0.500000,0.020000,0.000000,0.020000,0.000000,0.00000
9.358068,udp,53,SF,0,0,0,0,0,0,0,0,0,0,0,0,0,0,0,0,0,0,14,15,0.000000,0.066667,0.000000,0.000000,1.000000,0.000000,0.066667,50,51,1.000000,0.000000,0.510000,0.019608,0.000000,0.019608,0.000000,0.00000
9.360503,udp,53,SF,0,55,0,0,0,0,0,0,0,0,0,0,0,0,0,0,0,0,15,16,0.000000,0.062500,0.000000,0.000000,1.000000,0.000000,0.062500,51,52,1.000000,0.000000,0.520000,0.019231,0.000000,0.019231,0.000000,0.00000
9.398107,udp,53,SF,0,64,0,0,0,0,0,0,0,0,0,0,0,0,0,0,0,0,16,17,0.000000,0.058824,0.000000,0.000000,1.000000,0.000000,0.058824,51,52,1.000000,0.000000,0.520000,0.019231,0.000000,0.019231,0.000000,0.00000
10.071890,tcp,443,RSTO,344,3522,0,1,0,0,0,0,0,0,0,0,0,0,0,0,0,0,0,2,0.000000,0.500000,0.000000,0.000000,0.000000,0.000000,1.000000,0,44,0.000000,0.000000,0.000000,1.000000,0.000000,0.272727,0.000000,0.00000
9.401681,udp,53,SF,0,64,0,0,0,0,0,0,0,0,0,0,0,0,0,0,0,0,15,16,0.000000,0.062500,0.000000,0.000000,1.000000,0.000000,0.062500,51,52,1.000000,0.000000,0.520000,0.019231,0.000000,0.019231,0.000000,0.00000
9.403248,udp,53,SF,0,61,0,0,0,0,0,0,0,0,0,0,0,0,0,0,0,0,16,17,0.000000,0.058824,0.000000,0.000000,1.000000,0.000000,0.058824,51,52,1.000000,0.000000,0.520000,0.019231,0.000000,0.019231,0.000000,0.00000
10.690514,tcp,443,SF,0,0,0,0,0,0,0,0,0,0,0,0,0,0,0,0,0,0,0,2,0.000000,0.000000,0.000000,0.000000,0.000000,0.000000,1.000000,1,44,1.000000,0.000000,0.000000,0.977273,1.000000,0.250000,0.000000,0.00000
9.410173,udp,53,SF,0,82,0,0,0,0,0,0,0,0,0,0,0,0,0,0,0,0,7,7,0.000000,0.000000,0.000000,0.000000,1.000000,0.000000,0.000000,52,53,1.000000,0.000000,0.530000,0.018868,0.000000,0.018868,0.000000,0.00000
9.410189,udp,53,SF,0,82,0,0,0,0,0,0,0,0,0,0,0,0,0,0,0,0,8,8,0.000000,0.000000,0.000000,0.000000,1.000000,0.000000,0.000000,52,53,1.000000,0.000000,0.530000,0.018868,0.000000,0.018868,0.000000,0.00000
10.126661,tcp,443,RSTO,338,3827,0,1,0,0,0,0,0,0,0,0,0,0,0,0,0,0,0,2,0.000000,0.000000,0.000000,0.000000,0.000000,0.000000,1.000000,1,43,1.000000,0.000000,0.000000,0.976744,0.000000,0.209302,0.000000,0.00000
9.811199,udp,53,SF,0,0,0,0,0,0,0,0,0,0,0,0,0,0,0,0,0,0,4,4,0.000000,0.000000,0.000000,0.000000,1.000000,0.000000,0.000000,53,54,1.000000,0.000000,0.540000,0.018519,0.000000,0.018519,0.000000,0.00000
9.815193,udp,53,SF,0,87,0,0,0,0,0,0,0,0,0,0,0,0,0,0,0,0,5,5,0.000000,0.000000,0.000000,0.000000,1.000000,0.000000,0.000000,54,55,1.000000,0.000000,0.550000,0.018182,0.000000,0.018182,0.000000,0.00000
1.158432,tcp,443,S1,1683,24076,0,6,0,0,0,0,0,0,0,0,0,0,0,0,0,0,0,2,0.000000,0.000000,0.000000,0.000000,0.000000,0.000000,1.000000,0,41,0.000000,0.000000,0.000000,1.000000,0.000000,0.146341,0.000000,0.00000
10.758047,tcp,443,RSTO,461,3351,0,1,0,0,0,0,0,0,0,0,0,0,0,0,0,0,0,3,0.000000,0.333333,0.000000,0.000000,0.000000,0.000000,1.000000,2,41,1.000000,0.000000,0.000000,0.951219,1.000000,0.170732,0.000000,0.00000
0.256127,tcp,443,S1,984,147727,0,41,0,0,0,0,0,0,0,0,0,0,0,0,0,0,0,4,0.000000,0.250000,0.000000,0.000000,0.000000,0.000000,1.000000,0,41,0.000000,0.000000,0.000000,1.000000,0.000000,0.170732,0.000000,0.00000
0.111681,tcp,443,SF,461,4758,0,1,0,0,0,0,0,0,0,0,0,0,0,0,0,0,1,5,1.000000,0.400000,0.000000,0.000000,1.000000,0.000000,0.800000,1,41,1.000000,0.000000,0.000000,0.975610,1.000000,0.195122,0.000000,0.00000
0.000000,udp,5353,S0,0,0,0,0,0,0,0,0,0,0,0,0,0,0,0,0,0,0,0,0,0.000000,0.000000,0.000000,0.000000,0.000000,0.000000,0.000000,2,3,1.000000,0.000000,0.030000,0.333333,1.000000,1.000000,0.000000,0.00000
10.184800,udp,53,SF,0,0,0,0,0,0,0,0,0,0,0,0,0,0,0,0,0,0,4,4,0.000000,0.000000,0.000000,0.000000,1.000000,0.000000,0.000000,54,55,1.000000,0.000000,0.550000,0.018182,0.000000,0.018182,0.000000,0.00000
10.226307,udp,53,SF,0,87,0,0,0,0,0,0,0,0,0,0,0,0,0,0,0,0,5,5,0.000000,0.000000,0.000000,0.000000,1.000000,0.000000,0.000000,55,56,1.000000,0.000000,0.560000,0.017857,0.000000,0.017857,0.000000,0.00000
0.190890,tcp,443,SF,872,6290,0,2,0,0,0,0,0,0,0,0,0,0,0,0,0,0,0,5,0.000000,0.400000,0.000000,0.000000,0.000000,0.000000,1.000000,0,40,0.000000,0.000000,0.000000,1.000000,0.000000,0.200000,0.000000,0.00000
0.000000,udp,5353,S0,0,0,0,0,0,0,0,0,0,0,0,0,0,0,0,0,0,0,1,1,1.000000,1.000000,0.000000,0.000000,1.000000,0.000000,0.000000,3,4,1.000000,0.000000,0.040000,0.250000,1.000000,1.000000,0.000000,0.00000
0.000000,udp,5353,S0,0,0,0,0,0,0,0,0,0,0,0,0,0,0,0,0,0,0,0,2,0.000000,1.000000,0.000000,0.000000,0.000000,0.000000,1.000000,1,5,1.000000,0.000000,0.050000,0.800000,1.000000,1.000000,0.000000,0.00000
10.450988,udp,53,SF,0,0,0,0,0,0,0,0,0,0,0,0,0,0,0,0,0,0,4,4,0.000000,0.000000,0.000000,0.000000,1.000000,0.000000,0.000000,54,55,1.000000,0.000000,0.550000,0.018182,0.000000,0.018182,0.000000,0.00000
10.468824,udp,53,SF,0,87,0,0,0,0,0,0,0,0,0,0,0,0,0,0,0,0,5,5,0.000000,0.000000,0.000000,0.000000,1.000000,0.000000,0.000000,55,56,1.000000,0.000000,0.560000,0.017857,0.000000,0.017857,0.000000,0.00000
0.149861,tcp,443,S1,1182,6475,0,1,0,0,0,0,0,0,0,0,0,0,0,0,0,0,0,5,0.000000,0.400000,0.000000,0.000000,0.000000,0.000000,1.000000,0,37,0.000000,0.000000,0.000000,1.000000,0.000000,0.189189,0.000000,0.00000
0.118588,tcp,443,SF,291,3749,0,1,0,0,0,0,0,0,0,0,0,0,0,0,0,0,0,6,0.000000,0.500000,0.000000,0.000000,0.000000,0.000000,1.000000,0,37,0.000000,0.000000,0.000000,1.000000,0.000000,0.216216,0.000000,0.00000
6.384167,tcp,443,S1,1895,17172,0,1,0,0,0,0,0,0,0,0,0,0,0,0,0,0,1,7,0.000000,0.428571,0.000000,0.000000,1.000000,0.000000,0.857143,1,37,1.000000,0.000000,0.000000,0.972973,0.000000,0.216216,0.000000,0.00000
0.000000,udp,5353,S0,0,0,0,0,0,0,0,0,0,0,0,0,0,0,0,0,0,0,2,3,1.000000,1.000000,0.000000,0.000000,1.000000,0.000000,0.333333,4,6,1.000000,0.000000,0.060000,0.333333,1.000000,1.000000,0.000000,0.00000
0.000000,udp,5353,S0,0,0,0,0,0,0,0,0,0,0,0,0,0,0,0,0,0,0,1,4,1.000000,1.000000,0.000000,0.000000,1.000000,0.000000,0.750000,2,7,1.000000,0.000000,0.070000,0.714286,1.000000,1.000000,0.000000,0.00000
10.956490,udp,53,SF,0,0,0,0,0,0,0,0,0,0,0,0,0,0,0,0,0,0,4,4,0.000000,0.000000,0.000000,0.000000,1.000000,0.000000,0.000000,55,56,1.000000,0.000000,0.560000,0.017857,0.000000,0.017857,0.000000,0.00000
10.960988,udp,53,SF,0,64,0,0,0,0,0,0,0,0,0,0,0,0,0,0,0,0,5,5,0.000000,0.000000,0.000000,0.000000,1.000000,0.000000,0.000000,56,57,1.000000,0.000000,0.570000,0.017544,0.000000,0.017544,0.000000,0.00000
1.024503,udp,5353,S0,0,0,0,0,0,0,0,0,0,0,0,0,0,0,0,0,0,0,2,4,1.000000,1.000000,0.000000,0.000000,1.000000,0.000000,0.500000,5,8,1.000000,0.000000,0.080000,0.375000,1.000000,1.000000,0.000000,0.00000
0.000000,udp,5353,S0,0,0,0,0,0,0,0,0,0,0,0,0,0,0,0,0,0,0,2,5,1.000000,1.000000,0.000000,0.000000,1.000000,0.000000,0.600000,3,9,1.000000,0.000000,0.090000,0.666667,1.000000,1.000000,0.000000,0.00000
0.001255,tcp,80,REJ,0,0,0,0,0,0,0,0,0,0,0,0,0,0,0,0,0,0,0,0,0.000000,0.000000,0.000000,0.000000,0.000000,0.000000,0.000000,0,0,0.000000,0.000000,0.000000,0.000000,0.000000,0.000000,0.000000,0.00000
0.818253,udp,5353,S0,0,0,0,0,0,0,0,0,0,0,0,0,0,0,0,0,0,0,3,5,1.000000,1.000000,0.000000,0.000000,1.000000,0.000000,0.400000,6,10,1.000000,0.000000,0.100000,0.400000,1.000000,1.000000,0.000000,0.00000
0.818192,udp,5353,S0,0,0,0,0,0,0,0,0,0,0,0,0,0,0,0,0,0,0,2,6,1.000000,1.000000,0.000000,0.000000,1.000000,0.000000,0.666667,4,11,1.000000,0.000000,0.110000,0.636364,1.000000,1.000000,0.000000,0.00000
11.970311,udp,53,SF,0,0,0,0,0,0,0,0,0,0,0,0,0,0,0,0,0,0,4,4,0.000000,0.000000,0.000000,0.000000,1.000000,0.000000,0.000000,55,56,1.000000,0.000000,0.560000,0.017857,0.000000,0.017857,0.000000,0.00000
11.973022,udp,53,SF,0,48,0,0,0,0,0,0,0,0,0,0,0,0,0,0,0,0,5,5,0.000000,0.000000,0.000000,0.000000,1.000000,0.000000,0.000000,56,57,1.000000,0.000000,0.570000,0.017544,0.000000,0.017544,0.000000,0.00000
0.123059,tcp,443,SF,1110,4055,0,1,0,0,0,0,0,0,0,0,0,0,0,0,0,0,0,3,0.000000,0.666667,0.000000,0.000000,0.000000,0.000000,1.000000,0,29,0.000000,0.000000,0.000000,1.000000,0.000000,0.310345,0.000000,0.00000
0.120016,tcp,443,SF,3876,3911,0,1,0,0,0,0,0,0,0,0,0,0,0,0,0,0,1,4,0.000000,0.500000,0.000000,0.000000,1.000000,0.000000,0.750000,1,29,1.000000,0.000000,0.000000,0.965517,0.000000,0.310345,0.000000,0.00000
0.000000,udp,5353,S0,0,0,0,0,0,0,0,0,0,0,0,0,0,0,0,0,0,0,3,6,1.000000,1.000000,0.000000,0.000000,1.000000,0.000000,0.500000,7,12,1.000000,0.000000,0.120000,0.416667,1.000000,1.000000,0.000000,0.00000
0.000000,udp,5353,S0,0,0,0,0,0,0,0,0,0,0,0,0,0,0,0,0,0,0,3,7,1.000000,1.000000,0.000000,0.000000,1.000000,0.000000,0.571429,5,13,1.000000,0.000000,0.130000,0.615385,1.000000,1.000000,0.000000,0.00000
0.000000,udp,67,S0,0,0,0,0,0,0,0,0,0,0,0,0,0,0,0,0,0,0,0,0,0.000000,0.000000,0.000000,0.000000,0.000000,0.000000,0.000000,0,0,0.000000,0.000000,0.000000,0.000000,0.000000,0.000000,0.000000,0.00000
0.000000,udp,67,SHR,0,305,0,0,0,0,0,0,0,0,0,0,0,0,0,0,0,0,0,1,0.000000,1.000000,0.000000,0.000000,0.000000,0.000000,1.000000,0,1,0.000000,0.000000,0.010000,1.000000,0.000000,1.000000,0.000000,0.00000
0.000059,udp,67,S0,0,0,0,0,0,0,0,0,0,0,0,0,0,0,0,0,0,0,1,2,1.000000,0.500000,0.000000,0.000000,1.000000,0.000000,0.500000,1,2,1.000000,0.000000,0.020000,0.500000,1.000000,0.500000,0.000000,0.00000
0.000242,udp,67,SHR,0,305,0,0,0,0,0,0,0,0,0,0,0,0,0,0,0,0,1,3,0.000000,0.666667,0.000000,0.000000,1.000000,0.000000,0.666667,1,3,1.000000,0.000000,0.030000,0.666667,0.000000,0.666667,0.000000,0.00000
0.000000,udp,137,S0,0,0,0,0,0,0,0,0,0,0,0,0,0,0,0,0,0,0,0,0,0.000000,0.000000,0.000000,0.000000,0.000000,0.000000,0.000000,0,0,0.000000,0.000000,0.000000,0.000000,0.000000,0.000000,0.000000,0.00000
0.816496,udp,137,S0,0,0,0,0,0,0,0,0,0,0,0,0,0,0,0,0,0,0,1,1,1.000000,1.000000,0.000000,0.000000,1.000000,0.000000,0.000000,1,1,1.000000,0.000000,0.010000,0.000000,1.000000,1.000000,0.000000,0.00000
37.141146,tcp,443,S1,38756,11469482,0,1557,0,0,0,0,0,0,0,0,0,0,0,0,0,0,0,2,0.000000,0.000000,0.000000,0.000000,0.000000,0.000000,1.000000,1,23,1.000000,0.000000,0.000000,0.956522,1.000000,0.391304,0.000000,0.00000
2.866080,udp,5353,S0,0,0,0,0,0,0,0,0,0,0,0,0,0,0,0,0,0,0,1,2,1.000000,1.000000,0.000000,0.000000,1.000000,0.000000,0.500000,6,14,1.000000,0.000000,0.140000,0.571429,1.000000,1.000000,0.000000,0.00000
0.000000,udp,137,S0,0,0,0,0,0,0,0,0,0,0,0,0,0,0,0,0,0,0,2,2,1.000000,1.000000,0.000000,0.000000,1.000000,0.000000,0.000000,2,2,1.000000,0.000000,0.020000,0.000000,1.000000,1.000000,0.000000,0.00000
0.135071,tcp,443,SF,1041,4119,0,1,0,0,0,0,0,0,0,0,0,0,0,0,0,0,0,3,0.000000,0.333333,0.000000,0.000000,0.000000,0.000000,1.000000,1,24,1.000000,0.000000,0.000000,0.958333,0.000000,0.416667,0.000000,0.00000
13.969156,udp,53,SF,0,0,0,0,0,0,0,0,0,0,0,0,0,0,0,0,0,0,0,0,0.000000,0.000000,0.000000,0.000000,0.000000,0.000000,0.000000,51,52,1.000000,0.000000,0.520000,0.019231,0.000000,0.019231,0.000000,0.00000
13.971172,udp,53,SF,0,60,0,0,0,0,0,0,0,0,0,0,0,0,0,0,0,0,1,1,0.000000,0.000000,0.000000,0.000000,1.000000,0.000000,0.000000,51,52,1.000000,0.000000,0.520000,0.019231,0.000000,0.019231,0.000000,0.00000
0.176142,tcp,443,SF,764,4724,0,1,0,0,0,0,0,0,0,0,0,0,0,0,0,0,0,0,0.000000,0.000000,0.000000,0.000000,0.000000,0.000000,0.000000,0,25,0.000000,0.000000,0.000000,1.000000,0.000000,0.400000,0.000000,0.00000
1.534727,udp,137,S0,0,0,0,0,0,0,0,0,0,0,0,0,0,0,0,0,0,0,0,0,0.000000,0.000000,0.000000,0.000000,0.000000,0.000000,0.000000,3,3,1.000000,0.000000,0.030000,0.000000,1.000000,1.000000,0.000000,0.00000
3.993663,udp,5353,S0,0,0,0,0,0,0,0,0,0,0,0,0,0,0,0,0,0,0,0,0,0.000000,0.000000,0.000000,0.000000,0.000000,0.000000,0.000000,8,15,1.000000,0.000000,0.150000,0.466667,1.000000,1.000000,0.000000,0.00000
2.969168,udp,5353,S0,0,0,0,0,0,0,0,0,0,0,0,0,0,0,0,0,0,0,0,1,0.000000,1.000000,0.000000,0.000000,0.000000,0.000000,1.000000,7,16,1.000000,0.000000,0.160000,0.562500,1.000000,1.000000,0.000000,0.00000
11.691723,tcp,443,SF,324,4365,0,1,0,0,0,0,0,0,0,0,0,0,0,0,0,0,0,0,0.000000,0.000000,0.000000,0.000000,0.000000,0.000000,0.000000,1,26,1.000000,0.000000,0.000000,0.961538,0.000000,0.384615,0.000000,0.00000
11.691756,tcp,443,SF,324,4365,0,1,0,0,0,0,0,0,0,0,0,0,0,0,0,0,1,1,0.000000,0.000000,0.000000,0.000000,1.000000,0.000000,0.000000,2,27,1.000000,0.000000,0.000000,0.925926,0.000000,0.370370,0.000000,0.00000
11.691616,tcp,443,SF,324,4365,0,1,0,0,0,0,0,0,0,0,0,0,0,0,0,0,2,2,0.000000,0.000000,0.000000,0.000000,1.000000,0.000000,0.000000,3,28,1.000000,0.000000,0.000000,0.892857,0.000000,0.357143,0.000000,0.00000
0.864738,tcp,443,S2,1690,3782,0,1,0,0,0,0,0,0,0,0,0,0,0,0,0,0,0,3,0.000000,0.000000,0.000000,0.000000,0.000000,0.000000,1.000000,2,28,1.000000,0.000000,0.000000,0.928571,0.000000,0.321429,0.000000,0.00000
4.860231,tcp,443,S2,1674,3729,0,2,0,0,0,0,0,0,0,0,0,0,0,0,0,0,1,4,1.000000,0.250000,0.000000,0.000000,1.000000,0.000000,0.750000,3,29,1.000000,0.000000,0.000000,0.896552,0.333333,0.344828,0.000000,0.00000
1.420274,tcp,443,SF,1642,779,0,0,0,0,0,0,0,0,0,0,0,0,0,0,0,0,2,5,1.000000,0.400000,0.000000,0.000000,1.000000,0.000000,0.600000,4,30,1.000000,0.000000,0.000000,0.866667,0.500000,0.366667,0.000000,0.00000
4.926851,tcp,443,SF,3801,443,0,0,0,0,0,0,0,0,0,0,0,0,0,0,0,0,0,6,0.000000,0.333333,0.000000,0.000000,0.000000,0.000000,1.000000,2,31,1.000000,0.000000,0.000000,0.935484,0.000000,0.354839,0.000000,0.00000
11.680921,tcp,443,SF,293,395,0,0,0,0,0,0,0,0,0,0,0,0,0,0,0,0,1,7,0.000000,0.285714,0.000000,0.000000,1.000000,0.000000,0.857143,3,32,1.000000,0.000000,0.000000,0.906250,0.000000,0.343750,0.000000,0.00000
11.682932,tcp,443,SF,293,395,0,0,0,0,0,0,0,0,0,0,0,0,0,0,0,0,2,8,0.000000,0.250000,0.000000,0.000000,1.000000,0.000000,0.750000,4,33,1.000000,0.000000,0.000000,0.878788,0.000000,0.333333,0.000000,0.00000
11.680560,tcp,443,SF,290,141,0,0,0,0,0,0,0,0,0,0,0,0,0,0,0,0,0,9,0.000000,0.222222,0.000000,0.000000,0.000000,0.000000,1.000000,1,34,1.000000,0.000000,0.000000,0.970588,0.000000,0.323529,0.000000,0.00000
14.183518,udp,53,SF,0,0,0,0,0,0,0,0,0,0,0,0,0,0,0,0,0,0,0,0,0.000000,0.000000,0.000000,0.000000,0.000000,0.000000,0.000000,42,43,1.000000,0.000000,0.430000,0.023256,0.000000,0.023256,0.000000,0.00000
11.680535,tcp,443,SF,290,141,0,0,0,0,0,0,0,0,0,0,0,0,0,0,0,0,1,10,0.000000,0.200000,0.000000,0.000000,1.000000,0.000000,0.900000,2,34,1.000000,0.000000,0.000000,0.941176,0.000000,0.294118,0.000000,0.00000
11.682545,tcp,443,SF,290,141,0,0,0,0,0,0,0,0,0,0,0,0,0,0,0,0,2,11,0.000000,0.181818,0.000000,0.000000,1.000000,0.000000,0.818182,3,34,1.000000,0.000000,0.000000,0.911765,0.000000,0.264706,0.000000,0.00000
14.228867,udp,53,SF,0,84,0,0,0,0,0,0,0,0,0,0,0,0,0,0,0,0,1,1,0.000000,0.000000,0.000000,0.000000,1.000000,0.000000,0.000000,41,42,1.000000,0.000000,0.420000,0.023810,0.000000,0.023810,0.000000,0.00000
12.351412,tcp,443,SF,0,0,0,0,0,0,0,0,0,0,0,0,0,0,0,0,0,0,0,2,0.000000,0.000000,0.000000,0.000000,0.000000,0.000000,1.000000,0,35,0.000000,0.000000,0.000000,1.000000,0.000000,0.257143,0.000000,0.00000
11.398980,tcp,443,RSTO,330,5356,0,2,0,0,0,0,0,0,0,0,0,0,0,0,0,0,1,3,0.000000,0.000000,0.000000,0.000000,1.000000,0.000000,0.666667,1,35,1.000000,0.000000,0.000000,0.971429,0.000000,0.228571,0.000000,0.00000
0.718920,udp,137,S0,0,0,0,0,0,0,0,0,0,0,0,0,0,0,0,0,0,0,0,0,0.000000,0.000000,0.000000,0.000000,0.000000,0.000000,0.000000,4,4,1.000000,0.000000,0.040000,0.000000,1.000000,1.000000,0.000000,0.00000
0.194553,tcp,443,S1,1034,5341,0,1,0,0,0,0,0,0,0,0,0,0,0,0,0,0,0,4,0.000000,0.000000,0.000000,0.000000,0.000000,0.000000,1.000000,1,36,1.000000,0.000000,0.000000,0.972222,0.000000,0.222222,0.000000,0.00000
15.077467,udp,53,SF,0,0,0,0,0,0,0,0,0,0,0,0,0,0,0,0,0,0,1,1,0.000000,0.000000,0.000000,0.000000,1.000000,0.000000,0.000000,39,40,1.000000,0.000000,0.400000,0.025000,0.000000,0.025000,0.000000,0.00000
15.079460,udp,53,SF,0,59,0,0,0,0,0,0,0,0,0,0,0,0,0,0,0,0,2,2,0.000000,0.000000,0.000000,0.000000,1.000000,0.000000,0.000000,40,41,1.000000,0.000000,0.410000,0.024390,0.000000,0.024390,0.000000,0.00000
0.127552,tcp,443,RSTO,2293,3991,0,1,0,0,0,0,0,0,0,0,0,0,0,0,0,0,0,3,0.000000,0.333333,0.000000,0.000000,0.000000,0.000000,1.000000,0,35,0.000000,0.000000,0.000000,1.000000,0.000000,0.257143,0.000000,0.00000
2.927000,tcp,443,SF,2357,3991,0,1,0,0,0,0,0,0,0,0,0,0,0,0,0,0,1,4,0.000000,0.250000,0.000000,0.000000,1.000000,0.000000,0.750000,1,36,1.000000,0.000000,0.000000,0.972222,0.000000,0.250000,0.000000,0.00000
15.080826,udp,53,SF,0,0,0,0,0,0,0,0,0,0,0,0,0,0,0,0,0,0,2,2,0.000000,0.000000,0.000000,0.000000,1.000000,0.000000,0.000000,39,40,1.000000,0.000000,0.400000,0.025000,0.000000,0.025000,0.000000,0.00000
15.082601,udp,53,SF,0,108,0,0,0,0,0,0,0,0,0,0,0,0,0,0,0,0,3,3,0.000000,0.000000,0.000000,0.000000,1.000000,0.000000,0.000000,39,40,1.000000,0.000000,0.400000,0.025000,0.000000,0.025000,0.000000,0.00000
0.130084,tcp,443,SF,783,8249,0,3,0,0,0,0,0,0,0,0,0,0,0,0,0,0,0,2,0.000000,0.000000,0.000000,0.000000,0.000000,0.000000,1.000000,0,36,0.000000,0.000000,0.000000,1.000000,0.000000,0.250000,0.000000,0.00000
0.234167,tcp,443,S2,778,38361,0,7,0,0,0,0,0,0,0,0,0,0,0,0,0,0,1,3,0.000000,0.000000,0.000000,0.000000,1.000000,0.000000,0.666667,1,36,1.000000,0.000000,0.000000,0.972222,0.000000,0.250000,0.000000,0.00000
0.330653,tcp,443,S2,832,95236,0,13,0,0,0,0,0,0,0,0,0,0,0,0,0,0,2,4,0.500000,0.250000,0.000000,0.000000,1.000000,0.000000,0.500000,2,37,1.000000,0.000000,0.000000,0.945946,0.500000,0.270270,0.000000,0.00000
0.288269,tcp,443,S2,832,77217,0,11,0,0,0,0,0,0,0,0,0,0,0,0,0,0,3,5,0.666667,0.400000,0.000000,0.000000,1.000000,0.000000,0.400000,3,38,1.000000,0.000000,0.000000,0.921053,0.666667,0.289474,0.000000,0.00000
0.289237,tcp,443,S2,832,76770,0,12,0,0,0,0,0,0,0,0,0,0,0,0,0,0,4,6,0.750000,0.500000,0.000000,0.000000,1.000000,0.000000,0.333333,4,38,1.000000,0.000000,0.000000,0.894737,0.750000,0.289474,0.000000,0.00000
0.353795,tcp,443,S2,832,103365,0,13,0,0,0,0,0,0,0,0,0,0,0,0,0,0,5,7,0.800000,0.571429,0.000000,0.000000,1.000000,0.000000,0.285714,5,39,1.000000,0.000000,0.000000,0.871795,0.800000,0.307692,0.000000,0.00000
0.257718,tcp,443,S2,1068,56285,0,9,0,0,0,0,0,0,0,0,0,0,0,0,0,0,6,8,0.833333,0.625000,0.000000,0.000000,1.000000,0.000000,0.250000,6,40,1.000000,0.000000,0.000000,0.850000,0.833333,0.325000,0.000000,0.00000
1.434285,udp,137,S0,0,0,0,0,0,0,0,0,0,0,0,0,0,0,0,0,0,0,0,0,0.000000,0.000000,0.000000,0.000000,0.000000,0.000000,0.000000,5,5,1.000000,0.000000,0.050000,0.000000,1.000000,1.000000,0.000000,0.00000
15.351538,udp,53,SF,0,0,0,0,0,0,0,0,0,0,0,0,0,0,0,0,0,0,2,2,0.000000,0.000000,0.000000,0.000000,1.000000,0.000000,0.000000,34,34,1.000000,0.000000,0.340000,0.000000,0.000000,0.000000,0.000000,0.00000
15.355413,udp,53,SF,0,101,0,0,0,0,0,0,0,0,0,0,0,0,0,0,0,0,3,3,0.000000,0.000000,0.000000,0.000000,1.000000,0.000000,0.000000,34,34,1.000000,0.000000,0.340000,0.000000,0.000000,0.000000,0.000000,0.00000
15.183797,tcp,443,S3,771,6119,0,2,0,0,0,0,0,0,0,0,0,0,0,0,0,0,0,7,0.000000,0.857143,0.000000,0.000000,0.000000,0.000000,1.000000,0,41,0.000000,0.000000,0.000000,1.000000,0.000000,0.341463,0.000000,0.00000
15.347758,tcp,443,S3,769,7799,0,2,0,0,0,0,0,0,0,0,0,0,0,0,0,0,1,8,1.000000,0.875000,0.000000,0.000000,1.000000,0.000000,0.875000,1,42,1.000000,0.000000,0.000000,0.976190,1.000000,0.357143,0.000000,0.00000
10.381202,tcp,443,RSTO,292,427,0,0,0,0,0,0,0,0,0,0,0,0,0,0,0,0,0,9,0.000000,0.888889,0.000000,0.000000,0.000000,0.000000,1.000000,2,43,1.000000,0.000000,0.000000,0.953488,0.000000,0.372093,0.000000,0.00000
10.351533,tcp,443,RSTO,469,4759,0,1,0,0,0,0,0,0,0,0,0,0,0,0,0,0,0,10,0.000000,0.800000,0.000000,0.000000,0.000000,0.000000,1.000000,0,44,0.000000,0.000000,0.000000,1.000000,0.000000,0.363636,0.000000,0.00000
10.351205,tcp,443,RSTO,471,4691,0,2,0,0,0,0,0,0,0,0,0,0,0,0,0,0,0,11,0.000000,0.727273,0.000000,0.000000,0.000000,0.000000,1.000000,2,45,1.000000,0.000000,0.000000,0.955556,1.000000,0.355556,0.000000,0.00000
2.254477,udp,137,S0,0,0,0,0,0,0,0,0,0,0,0,0,0,0,0,0,0,0,1,1,1.000000,1.000000,0.000000,0.000000,1.000000,0.000000,0.000000,6,6,1.000000,0.000000,0.060000,0.000000,1.000000,1.000000,0.000000,0.00000
0.000798,tcp,80,REJ,0,0,0,0,0,0,0,0,0,0,0,0,0,0,0,0,0,0,0,0,0.000000,0.000000,0.000000,0.000000,0.000000,0.000000,0.000000,1,1,1.000000,0.000000,0.000000,0.000000,0.000000,0.000000,1.000000,1.00000
3.072302,udp,137,S0,0,0,0,0,0,0,0,0,0,0,0,0,0,0,0,0,0,0,2,2,1.000000,1.000000,0.000000,0.000000,1.000000,0.000000,0.000000,7,7,1.000000,0.000000,0.070000,0.000000,1.000000,1.000000,0.000000,0.00000
6.747790,udp,5353,S0,0,0,0,0,0,0,0,0,0,0,0,0,0,0,0,0,0,0,0,0,0.000000,0.000000,0.000000,0.000000,0.000000,0.000000,0.000000,7,14,1.000000,0.000000,0.140000,0.500000,1.000000,1.000000,0.000000,0.00000
3.686762,udp,137,S0,0,0,0,0,0,0,0,0,0,0,0,0,0,0,0,0,0,0,3,3,1.000000,1.000000,0.000000,0.000000,1.000000,0.000000,0.000000,8,8,1.000000,0.000000,0.080000,0.000000,1.000000,1.000000,0.000000,0.00000
1.136893,tcp,443,SF,2042,523,0,0,0,0,0,0,0,0,0,0,0,0,0,0,0,0,0,0,0.000000,0.000000,0.000000,0.000000,0.000000,0.000000,0.000000,3,45,1.000000,0.000000,0.000000,0.933333,0.000000,0.355556,0.000000,0.00000
17.982386,udp,53,SF,0,0,0,0,0,0,0,0,0,0,0,0,0,0,0,0,0,0,0,0,0.000000,0.000000,0.000000,0.000000,0.000000,0.000000,0.000000,24,24,1.000000,0.000000,0.240000,0.000000,0.000000,0.000000,0.000000,0.00000
7.566102,udp,5353,S0,0,0,0,0,0,0,0,0,0,0,0,0,0,0,0,0,0,0,0,1,0.000000,1.000000,0.000000,0.000000,0.000000,0.000000,1.000000,7,15,1.000000,0.000000,0.150000,0.533333,1.000000,1.000000,0.000000,0.00000
7.567589,udp,5353,S0,0,0,0,0,0,0,0,0,0,0,0,0,0,0,0,0,0,0,1,2,1.000000,1.000000,0.000000,0.000000,1.000000,0.000000,0.500000,8,16,1.000000,0.000000,0.160000,0.500000,1.000000,1.000000,0.000000,0.00000
18.059967,udp,53,SF,0,151,0,0,0,0,0,0,0,0,0,0,0,0,0,0,0,0,1,1,0.000000,0.000000,0.000000,0.000000,1.000000,0.000000,0.000000,23,23,1.000000,0.000000,0.230000,0.000000,0.000000,0.000000,0.000000,0.00000
0.753990,tcp,443,S1,876,5099,0,1,0,0,0,0,0,0,0,0,0,0,0,0,0,0,0,0,0.000000,0.000000,0.000000,0.000000,0.000000,0.000000,0.000000,0,44,0.000000,0.000000,0.000000,1.000000,0.000000,0.363636,0.000000,0.00000
13.288183,tcp,443,SF,0,0,0,0,0,0,0,0,0,0,0,0,0,0,0,0,0,0,1,1,1.000000,1.000000,0.000000,0.000000,1.000000,0.000000,0.000000,1,45,1.000000,0.000000,0.000000,0.977778,1.000000,0.377778,0.000000,0.00000
4.505607,udp,137,S0,0,0,0,0,0,0,0,0,0,0,0,0,0,0,0,0,0,0,0,0,0.000000,0.000000,0.000000,0.000000,0.000000,0.000000,0.000000,9,9,1.000000,0.000000,0.090000,0.000000,1.000000,1.000000,0.000000,0.00000
10.181606,tcp,443,S3,897,4103,0,1,0,0,0,0,0,0,0,0,0,0,0,0,0,0,0,2,0.000000,0.500000,0.000000,0.000000,0.000000,0.000000,1.000000,0,45,0.000000,0.000000,0.000000,1.000000,0.000000,0.377778,0.000000,0.00000
18.746580,udp,53,SF,0,0,0,0,0,0,0,0,0,0,0,0,0,0,0,0,0,0,0,0,0.000000,0.000000,0.000000,0.000000,0.000000,0.000000,0.000000,21,21,1.000000,0.000000,0.210000,0.000000,0.000000,0.000000,0.000000,0.00000
18.746613,udp,53,SF,0,0,0,0,0,0,0,0,0,0,0,0,0,0,0,0,0,0,1,1,0.000000,0.000000,0.000000,0.000000,1.000000,0.000000,0.000000,21,21,1.000000,0.000000,0.210000,0.000000,0.000000,0.000000,0.000000,0.00000
18.786475,udp,53,SF,0,63,0,0,0,0,0,0,0,0,0,0,0,0,0,0,0,0,2,2,0.000000,0.000000,0.000000,0.000000,1.000000,0.000000,0.000000,22,22,1.000000,0.000000,0.220000,0.000000,0.000000,0.000000,0.000000,0.00000
12.568779,tcp,80,SF,0,0,0,0,0,0,0,0,0,0,0,0,0,0,0,0,0,0,0,0,0.000000,0.000000,0.000000,0.000000,0.000000,0.000000,0.000000,0,2,0.000000,0.000000,0.000000,1.000000,0.000000,0.000000,0.000000,1.00000
1.145404,tcp,443,S1,284,137,0,0,0,0,0,0,0,0,0,0,0,0,0,0,0,0,1,0,0.000000,0.000000,0.000000,0.000000,0.000000,1.000000,0.000000,1,43,0.000000,1.000000,0.000000,1.000000,0.000000,0.372093,0.000000,0.00000
0.129036,tcp,443,S1,327,3100,0,0,0,0,0,0,0,0,0,0,0,0,0,0,0,0,2,1,0.500000,1.000000,0.000000,0.000000,0.500000,0.500000,0.000000,2,43,0.500000,0.500000,0.000000,0.976744,0.500000,0.395349,0.000000,0.00000
12.594268,tcp,443,SF,0,0,0,0,0,0,0,0,0,0,0,0,0,0,0,0,0,0,3,2,0.666667,1.000000,0.000000,0.000000,0.666667,0.333333,0.000000,3,44,0.666667,0.333333,0.000000,0.954545,0.666667,0.409091,0.000000,0.00000
18.787968,udp,53,SF,0,59,0,0,0,0,0,0,0,0,0,0,0,0,0,0,0,0,0,0,0.000000,0.000000,0.000000,0.000000,0.000000,0.000000,0.000000,22,22,1.000000,0.000000,0.220000,0.000000,0.000000,0.000000,0.000000,0.00000
1.143700,tcp,443,S1,280,137,0,0,0,0,0,0,0,0,0,0,0,0,0,0,0,0,0,3,0.000000,0.666667,0.000000,0.000000,0.000000,0.000000,1.000000,0,45,0.000000,0.000000,0.000000,1.000000,0.000000,0.400000,0.000000,0.00000
2.263040,tcp,443,S1,3197,49638,0,5,0,0,0,0,0,0,0,0,0,0,0,0,0,0,1,4,1.000000,0.750000,0.000000,0.000000,1.000000,0.000000,0.750000,1,45,1.000000,0.000000,0.000000,0.977778,1.000000,0.422222,0.000000,0.00000
18.860379,udp,53,SF,0,0,0,0,0,0,0,0,0,0,0,0,0,0,0,0,0,0,1,1,0.000000,0.000000,0.000000,0.000000,1.000000,0.000000,0.000000,22,22,1.000000,0.000000,0.220000,0.000000,0.000000,0.000000,0.000000,0.00000
18.864448,udp,53,SF,0,88,0,0,0,0,0,0,0,0,0,0,0,0,0,0,0,0,2,2,0.000000,0.000000,0.000000,0.000000,1.000000,0.000000,0.000000,23,23,1.000000,0.000000,0.230000,0.000000,0.000000,0.000000,0.000000,0.00000
0.044930,tcp,443,SF,1091,5408,0,1,0,0,0,0,0,0,0,0,0,0,0,0,0,0,0,2,0.000000,1.000000,0.000000,0.000000,0.000000,0.000000,1.000000,0,46,0.000000,0.000000,0.000000,1.000000,0.000000,0.434783,0.000000,0.00000
0.694908,tcp,443,SF,846,898,0,0,0,0,0,0,0,0,0,0,0,0,0,0,0,0,0,3,0.000000,0.666667,0.000000,0.000000,0.000000,0.000000,1.000000,0,47,0.000000,0.000000,0.000000,1.000000,0.000000,0.425532,0.000000,0.00000
0.088835,tcp,443,SF,875,587,0,0,0,0,0,0,0,0,0,0,0,0,0,0,0,0,0,4,0.000000,0.500000,0.000000,0.000000,0.000000,0.000000,1.000000,5,47,1.000000,0.000000,0.000000,0.893617,0.000000,0.404255,0.000000,0.00000
0.067197,tcp,80,S1,508,100,0,0,0,0,0,0,0,0,0,0,0,0,0,0,0,0,0,0,0.000000,0.000000,0.000000,0.000000,0.000000,0.000000,0.000000,4,3,0.250000,0.750000,0.000000,0.666667,0.500000,0.000000,0.000000,0.66666
0.367369,tcp,443,S1,1012,9477,0,1,0,0,0,0,0,0,0,0,0,0,0,0,0,0,2,5,1.000000,0.400000,0.000000,0.000000,1.000000,0.000000,0.600000,2,46,1.000000,0.000000,0.000000,0.956522,1.000000,0.391304,0.000000,0.00000
0.125744,tcp,443,S1,284,137,0,0,0,0,0,0,0,0,0,0,0,0,0,0,0,0,1,6,1.000000,0.500000,0.000000,0.000000,0.000000,1.000000,1.000000,5,47,0.600000,0.400000,0.000000,0.936170,0.600000,0.404255,0.000000,0.00000
0.000000,udp,5353,S0,0,0,0,0,0,0,0,0,0,0,0,0,0,0,0,0,0,0,0,0,0.000000,0.000000,0.000000,0.000000,0.000000,0.000000,0.000000,5,12,1.000000,0.000000,0.120000,0.583333,1.000000,1.000000,0.000000,0.00000
2.982211,tcp,443,SF,2122,523,0,0,0,0,0,0,0,0,0,0,0,0,0,0,0,0,0,7,0.000000,0.571429,0.000000,0.000000,0.000000,0.000000,1.000000,4,48,1.000000,0.000000,0.000000,0.916667,0.000000,0.416667,0.000000,0.00000
19.074393,udp,53,SF,0,0,0,0,0,0,0,0,0,0,0,0,0,0,0,0,0,0,2,2,0.000000,0.000000,0.000000,0.000000,1.000000,0.000000,0.000000,20,20,1.000000,0.000000,0.200000,0.000000,0.000000,0.000000,0.000000,0.00000
19.075130,udp,53,SF,0,0,0,0,0,0,0,0,0,0,0,0,0,0,0,0,0,0,3,3,0.000000,0.000000,0.000000,0.000000,1.000000,0.000000,0.000000,21,21,1.000000,0.000000,0.210000,0.000000,0.000000,0.000000,0.000000,0.00000
19.075251,udp,53,SF,0,0,0,0,0,0,0,0,0,0,0,0,0,0,0,0,0,0,4,4,0.000000,0.000000,0.000000,0.000000,1.000000,0.000000,0.000000,22,22,1.000000,0.000000,0.220000,0.000000,0.000000,0.000000,0.000000,0.00000
2.012373,tcp,443,S1,3583,18021,0,3,0,0,0,0,0,0,0,0,0,0,0,0,0,0,1,6,1.000000,0.333333,0.000000,0.000000,1.000000,0.000000,0.833333,3,49,1.000000,0.000000,0.000000,0.938776,1.000000,0.408163,0.000000,0.00000
0.340384,tcp,443,S1,867,5986,0,1,0,0,0,0,0,0,0,0,0,0,0,0,0,0,2,7,1.000000,0.428571,0.000000,0.000000,1.000000,0.000000,0.714286,4,50,1.000000,0.000000,0.000000,0.920000,1.000000,0.420000,0.000000,0.00000
0.171842,tcp,443,S1,280,137,0,0,0,0,0,0,0,0,0,0,0,0,0,0,0,0,3,8,1.000000,0.500000,0.000000,0.000000,1.000000,0.000000,0.625000,5,51,1.000000,0.000000,0.000000,0.901961,1.000000,0.431373,0.000000,0.00000
19.075969,udp,53,SF,0,0,0,0,0,0,0,0,0,0,0,0,0,0,0,0,0,0,3,3,0.000000,0.000000,0.000000,0.000000,1.000000,0.000000,0.000000,22,22,1.000000,0.000000,0.220000,0.000000,0.000000,0.000000,0.000000,0.00000
19.076869,udp,53,SF,0,94,0,0,0,0,0,0,0,0,0,0,0,0,0,0,0,0,4,4,0.000000,0.000000,0.000000,0.000000,1.000000,0.000000,0.000000,22,22,1.000000,0.000000,0.220000,0.000000,0.000000,0.000000,0.000000,0.00000
19.077117,udp,53,SF,0,0,0,0,0,0,0,0,0,0,0,0,0,0,0,0,0,0,5,5,0.000000,0.000000,0.000000,0.000000,1.000000,0.000000,0.000000,23,23,1.000000,0.000000,0.230000,0.000000,0.000000,0.000000,0.000000,0.00000
19.077155,udp,53,SF,0,49,0,0,0,0,0,0,0,0,0,0,0,0,0,0,0,0,6,6,0.000000,0.000000,0.000000,0.000000,1.000000,0.000000,0.000000,24,24,1.000000,0.000000,0.240000,0.000000,0.000000,0.000000,0.000000,0.00000
0.171683,tcp,443,S1,466,4759,0,1,0,0,0,0,0,0,0,0,0,0,0,0,0,0,0,3,0.000000,1.000000,0.000000,0.000000,0.000000,0.000000,1.000000,1,50,1.000000,0.000000,0.000000,0.980000,0.000000,0.460000,0.000000,0.00000
19.077701,udp,53,SF,0,90,0,0,0,0,0,0,0,0,0,0,0,0,0,0,0,0,4,4,0.000000,0.000000,0.000000,0.000000,1.000000,0.000000,0.000000,25,25,1.000000,0.000000,0.250000,0.000000,0.000000,0.000000,0.000000,0.00000
0.194157,tcp,443,S1,466,4760,0,1,0,0,0,0,0,0,0,0,0,0,0,0,0,0,1,1,1.000000,1.000000,0.000000,0.000000,1.000000,0.000000,0.000000,2,51,1.000000,0.000000,0.000000,0.960784,0.500000,0.470588,0.000000,0.00000
0.194108,tcp,443,S1,466,4759,0,1,0,0,0,0,0,0,0,0,0,0,0,0,0,0,2,2,1.000000,1.000000,0.000000,0.000000,1.000000,0.000000,0.000000,3,52,1.000000,0.000000,0.000000,0.942308,0.666667,0.480769,0.000000,0.00000
5.289761,tcp,443,S1,3296,11347,0,1,0,0,0,0,0,0,0,0,0,0,0,0,0,0,0,3,0.000000,1.000000,0.000000,0.000000,0.000000,0.000000,1.000000,1,53,1.000000,0.000000,0.000000,0.981132,1.000000,0.490566,0.000000,0.00000
0.171358,tcp,443,S1,476,3165,0,1,0,0,0,0,0,0,0,0,0,0,0,0,0,0,3,4,1.000000,1.000000,0.000000,0.000000,1.000000,0.000000,0.250000,4,54,1.000000,0.000000,0.000000,0.925926,0.750000,0.500000,0.000000,0.00000
19.079425,udp,53,SF,0,102,0,0,0,0,0,0,0,0,0,0,0,0,0,0,0,0,1,1,0.000000,0.000000,0.000000,0.000000,1.000000,0.000000,0.000000,26,26,1.000000,0.000000,0.260000,0.000000,0.000000,0.000000,0.000000,0.00000
0.181126,tcp,443,S1,471,3349,0,1,0,0,0,0,0,0,0,0,0,0,0,0,0,0,0,4,0.000000,1.000000,0.000000,0.000000,0.000000,0.000000,1.000000,2,55,1.000000,0.000000,0.000000,0.963636,0.500000,0.509091,0.000000,0.00000
0.169108,tcp,443,S1,471,3349,0,1,0,0,0,0,0,0,0,0,0,0,0,0,0,0,1,5,1.000000,1.000000,0.000000,0.000000,1.000000,0.000000,0.800000,2,55,1.000000,0.000000,0.000000,0.963636,0.500000,0.509091,0.000000,0.00000
0.175397,tcp,443,S1,471,3349,0,1,0,0,0,0,0,0,0,0,0,0,0,0,0,0,2,6,1.000000,1.000000,0.000000,0.000000,1.000000,0.000000,0.666667,3,56,1.000000,0.000000,0.000000,0.946429,0.666667,0.517857,0.000000,0.00000
5.325080,udp,137,S0,0,0,0,0,0,0,0,0,0,0,0,0,0,0,0,0,0,0,0,0,0.000000,0.000000,0.000000,0.000000,0.000000,0.000000,0.000000,7,7,1.000000,0.000000,0.070000,0.000000,1.000000,1.000000,0.000000,0.00000
19.118403,udp,53,SF,0,66,0,0,0,0,0,0,0,0,0,0,0,0,0,0,0,0,1,1,0.000000,0.000000,0.000000,0.000000,1.000000,0.000000,0.000000,27,27,1.000000,0.000000,0.270000,0.000000,0.000000,0.000000,0.000000,0.00000
2.168325,tcp,443,S1,1301,428114,0,0,0,0,0,0,0,0,0,0,0,0,0,0,0,0,0,3,0.000000,1.000000,0.000000,0.000000,0.000000,0.000000,1.000000,0,56,0.000000,0.000000,0.000000,1.000000,0.000000,0.535714,0.000000,0.00000
12.231892,tcp,443,SF,0,0,0,0,0,0,0,0,0,0,0,0,0,0,0,0,0,0,1,4,1.000000,1.000000,0.000000,0.000000,1.000000,0.000000,0.750000,1,57,1.000000,0.000000,0.000000,0.982456,1.000000,0.543860,0.000000,0.00000
19.395187,udp,53,SF,0,0,0,0,0,0,0,0,0,0,0,0,0,0,0,0,0,0,1,1,0.000000,0.000000,0.000000,0.000000,1.000000,0.000000,0.000000,26,26,1.000000,0.000000,0.260000,0.000000,0.000000,0.000000,0.000000,0.00000
19.403823,udp,53,SF,0,87,0,0,0,0,0,0,0,0,0,0,0,0,0,0,0,0,2,2,0.000000,0.000000,0.000000,0.000000,1.000000,0.000000,0.000000,27,27,1.000000,0.000000,0.270000,0.000000,0.000000,0.000000,0.000000,0.00000
10.894161,tcp,443,S1,2553,1392010,0,197,0,0,0,0,0,0,0,0,0,0,0,0,0,0,0,2,0.000000,0.500000,0.000000,0.000000,0.000000,0.000000,1.000000,0,57,0.000000,0.000000,0.000000,1.000000,0.000000,0.543860,0.000000,0.00000
0.129482,tcp,443,S1,344,3524,0,1,0,0,0,0,0,0,0,0,0,0,0,0,0,0,0,3,0.000000,0.666667,0.000000,0.000000,0.000000,0.000000,1.000000,0,58,0.000000,0.000000,0.000000,1.000000,0.000000,0.551724,0.000000,0.00000
5.939513,udp,137,S0,0,0,0,0,0,0,0,0,0,0,0,0,0,0,0,0,0,0,0,0,0.000000,0.000000,0.000000,0.000000,0.000000,0.000000,0.000000,7,7,1.000000,0.000000,0.070000,0.000000,1.000000,1.000000,0.000000,0.00000
0.684559,tcp,443,SF,846,898,0,0,0,0,0,0,0,0,0,0,0,0,0,0,0,0,0,4,0.000000,0.750000,0.000000,0.000000,0.000000,0.000000,1.000000,1,57,1.000000,0.000000,0.010000,0.982456,0.000000,0.578947,0.000000,0.00000
0.723761,tcp,443,SF,962,528,0,0,0,0,0,0,0,0,0,0,0,0,0,0,0,0,1,5,0.000000,0.600000,0.000000,0.000000,1.000000,0.000000,0.800000,2,57,1.000000,0.000000,0.000000,0.964912,0.000000,0.578947,0.000000,0.00000
1.131288,tcp,443,SF,962,528,0,0,0,0,0,0,0,0,0,0,0,0,0,0,0,0,2,6,0.000000,0.500000,0.000000,0.000000,1.000000,0.000000,0.666667,3,57,1.000000,0.000000,0.000000,0.947368,0.000000,0.561404,0.000000,0.00000
6.759061,udp,137,S0,0,0,0,0,0,0,0,0,0,0,0,0,0,0,0,0,0,0,1,1,1.000000,1.000000,0.000000,0.000000,1.000000,0.000000,0.000000,8,8,1.000000,0.000000,0.080000,0.000000,1.000000,1.000000,0.000000,0.00000
20.743869,udp,53,SF,0,0,0,0,0,0,0,0,0,0,0,0,0,0,0,0,0,0,0,0,0.000000,0.000000,0.000000,0.000000,0.000000,0.000000,0.000000,28,28,1.000000,0.000000,0.280000,0.000000,0.000000,0.000000,0.000000,0.00000
20.746447,udp,53,SF,0,99,0,0,0,0,0,0,0,0,0,0,0,0,0,0,0,0,1,1,0.000000,0.000000,0.000000,0.000000,1.000000,0.000000,0.000000,29,29,1.000000,0.000000,0.290000,0.000000,0.000000,0.000000,0.000000,0.00000
0.201914,tcp,443,S1,939,9188,0,2,0,0,0,0,0,0,0,0,0,0,0,0,0,0,0,0,0.000000,0.000000,0.000000,0.000000,0.000000,0.000000,0.000000,5,54,1.000000,0.000000,0.000000,0.907407,0.800000,0.574074,0.000000,0.00000
0.697865,tcp,443,SF,872,813,0,0,0,0,0,0,0,0,0,0,0,0,0,0,0,0,0,1,0.000000,1.000000,0.000000,0.000000,0.000000,0.000000,1.000000,4,54,1.000000,0.000000,0.000000,0.925926,0.000000,0.592593,0.000000,0.00000
21.002205,udp,53,SF,0,0,0,0,0,0,0,0,0,0,0,0,0,0,0,0,0,0,0,0,0.000000,0.000000,0.000000,0.000000,0.000000,0.000000,0.000000,30,30,1.000000,0.000000,0.300000,0.000000,0.000000,0.000000,0.000000,0.00000
21.006432,udp,53,SF,0,127,0,0,0,0,0,0,0,0,0,0,0,0,0,0,0,0,1,1,0.000000,0.000000,0.000000,0.000000,1.000000,0.000000,0.000000,30,30,1.000000,0.000000,0.300000,0.000000,0.000000,0.000000,0.000000,0.00000
0.186740,tcp,443,S1,1102,4483,0,1,0,0,0,0,0,0,0,0,0,0,0,0,0,0,0,0,0.000000,0.000000,0.000000,0.000000,0.000000,0.000000,0.000000,0,53,0.000000,0.000000,0.000000,1.000000,0.000000,0.603774,0.000000,0.00000
10.639377,udp,5353,S0,0,0,0,0,0,0,0,0,0,0,0,0,0,0,0,0,0,0,0,0,0.000000,0.000000,0.000000,0.000000,0.000000,0.000000,0.000000,2,4,1.000000,0.000000,0.040000,0.500000,1.000000,1.000000,0.000000,0.00000
10.639386,udp,5353,S0,0,0,0,0,0,0,0,0,0,0,0,0,0,0,0,0,0,0,0,1,0.000000,1.000000,0.000000,0.000000,0.000000,0.000000,1.000000,2,5,1.000000,0.000000,0.050000,0.600000,1.000000,1.000000,0.000000,0.00000
7.475484,udp,137,S0,0,0,0,0,0,0,0,0,0,0,0,0,0,0,0,0,0,0,0,0,0.000000,0.000000,0.000000,0.000000,0.000000,0.000000,0.000000,9,9,1.000000,0.000000,0.090000,0.000000,1.000000,1.000000,0.000000,0.00000
0.004471,tcp,80,REJ,0,0,0,0,0,0,0,0,0,0,0,0,0,0,0,0,0,0,0,0,0.000000,0.000000,0.000000,0.000000,0.000000,0.000000,0.000000,1,3,1.000000,0.000000,0.000000,0.666667,0.000000,0.333333,1.000000,0.33333
5.208175,tcp,443,S3,288,427,0,0,0,0,0,0,0,0,0,0,0,0,0,0,0,0,0,0,0.000000,0.000000,0.000000,0.000000,0.000000,0.000000,0.000000,5,51,1.000000,0.000000,0.000000,0.901961,0.000000,0.647059,0.000000,0.00000
8.296691,udp,137,S0,0,0,0,0,0,0,0,0,0,0,0,0,0,0,0,0,0,0,0,0,0.000000,0.000000,0.000000,0.000000,0.000000,0.000000,0.000000,9,9,1.000000,0.000000,0.090000,0.000000,1.000000,1.000000,0.000000,0.00000
0.000000,udp,5353,S0,0,0,0,0,0,0,0,0,0,0,0,0,0,0,0,0,0,0,0,0,0.000000,0.000000,0.000000,0.000000,0.000000,0.000000,0.000000,3,6,1.000000,0.000000,0.060000,0.500000,1.000000,1.000000,0.000000,0.00000
13.008474,udp,5353,S0,0,0,0,0,0,0,0,0,0,0,0,0,0,0,0,0,0,0,0,0,0.000000,0.000000,0.000000,0.000000,0.000000,0.000000,0.000000,4,7,1.000000,0.000000,0.070000,0.428571,1.000000,1.000000,0.000000,0.00000
11.986139,udp,5353,S0,0,0,0,0,0,0,0,0,0,0,0,0,0,0,0,0,0,0,0,1,0.000000,1.000000,0.000000,0.000000,0.000000,0.000000,1.000000,3,8,1.000000,0.000000,0.080000,0.625000,1.000000,1.000000,0.000000,0.00000
0.000000,udp,5353,S0,0,0,0,0,0,0,0,0,0,0,0,0,0,0,0,0,0,0,0,0,0.000000,0.000000,0.000000,0.000000,0.000000,0.000000,0.000000,5,9,1.000000,0.000000,0.090000,0.444444,1.000000,1.000000,0.000000,0.00000
0.000000,udp,5353,S0,0,0,0,0,0,0,0,0,0,0,0,0,0,0,0,0,0,0,0,1,0.000000,1.000000,0.000000,0.000000,0.000000,0.000000,1.000000,4,10,1.000000,0.000000,0.100000,0.600000,1.000000,1.000000,0.000000,0.00000
11.261760,udp,137,S0,0,0,0,0,0,0,0,0,0,0,0,0,0,0,0,0,0,0,0,0,0.000000,0.000000,0.000000,0.000000,0.000000,0.000000,0.000000,10,10,1.000000,0.000000,0.100000,0.000000,1.000000,1.000000,0.000000,0.00000
0.000000,udp,5353,S0,0,0,0,0,0,0,0,0,0,0,0,0,0,0,0,0,0,0,1,2,1.000000,1.000000,0.000000,0.000000,1.000000,0.000000,0.500000,6,11,1.000000,0.000000,0.110000,0.454545,1.000000,1.000000,0.000000,0.00000
11.980194,udp,67,S0,0,0,0,0,0,0,0,0,0,0,0,0,0,0,0,0,0,0,0,0,0.000000,0.000000,0.000000,0.000000,0.000000,0.000000,0.000000,0,0,0.000000,0.000000,0.000000,0.000000,0.000000,0.000000,0.000000,0.00000
11.980173,udp,67,SHR,0,305,0,0,0,0,0,0,0,0,0,0,0,0,0,0,0,0,0,1,0.000000,1.000000,0.000000,0.000000,0.000000,0.000000,1.000000,0,1,0.000000,0.000000,0.010000,1.000000,0.000000,1.000000,0.000000,0.00000
12.082221,udp,137,S0,0,0,0,0,0,0,0,0,0,0,0,0,0,0,0,0,0,0,1,1,1.000000,1.000000,0.000000,0.000000,1.000000,0.000000,0.000000,11,11,1.000000,0.000000,0.110000,0.000000,1.000000,1.000000,0.000000,0.00000
12.797855,udp,137,S0,0,0,0,0,0,0,0,0,0,0,0,0,0,0,0,0,0,0,2,2,1.000000,1.000000,0.000000,0.000000,1.000000,0.000000,0.000000,12,12,1.000000,0.000000,0.120000,0.000000,1.000000,1.000000,0.000000,0.00000
0.000000,udp,137,S0,0,0,0,0,0,0,0,0,0,0,0,0,0,0,0,0,0,0,0,0,0.000000,0.000000,0.000000,0.000000,0.000000,0.000000,0.000000,13,13,1.000000,0.000000,0.130000,0.000000,1.000000,1.000000,0.000000,0.00000
0.820434,udp,137,S0,0,0,0,0,0,0,0,0,0,0,0,0,0,0,0,0,0,0,1,1,1.000000,1.000000,0.000000,0.000000,1.000000,0.000000,0.000000,14,14,1.000000,0.000000,0.140000,0.000000,1.000000,1.000000,0.000000,0.00000
0.000997,tcp,80,REJ,0,0,0,0,0,0,0,0,0,0,0,0,0,0,0,0,0,0,0,0,0.000000,0.000000,0.000000,0.000000,0.000000,0.000000,0.000000,2,4,1.000000,0.000000,0.000000,0.500000,0.000000,0.250000,1.000000,0.50000
1.536857,udp,137,S0,0,0,0,0,0,0,0,0,0,0,0,0,0,0,0,0,0,0,2,2,1.000000,1.000000,0.000000,0.000000,1.000000,0.000000,0.000000,14,14,1.000000,0.000000,0.140000,0.000000,1.000000,1.000000,0.000000,0.00000
30.108268,udp,17500,S0,0,0,0,0,0,0,0,0,0,0,0,0,0,0,0,0,0,0,0,0,0.000000,0.000000,0.000000,0.000000,0.000000,0.000000,0.000000,15,0,0.000000,1.000000,0.000000,0.000000,1.000000,0.000000,0.000000,0.00000
0.013405,tcp,80,REJ,0,0,0,0,0,0,0,0,0,0,0,0,0,0,0,0,0,0,0,0,0.000000,0.000000,0.000000,0.000000,0.000000,0.000000,0.000000,3,5,1.000000,0.000000,0.000000,0.400000,0.000000,0.200000,1.000000,0.60000
0.000000,udp,5353,S0,0,0,0,0,0,0,0,0,0,0,0,0,0,0,0,0,0,0,0,0,0.000000,0.000000,0.000000,0.000000,0.000000,0.000000,0.000000,7,12,1.000000,0.000000,0.120000,0.416667,1.000000,1.000000,0.000000,0.00000
0.000000,udp,5353,S0,0,0,0,0,0,0,0,0,0,0,0,0,0,0,0,0,0,0,0,0,0.000000,0.000000,0.000000,0.000000,0.000000,0.000000,0.000000,8,13,1.000000,0.000000,0.130000,0.384615,1.000000,1.000000,0.000000,0.00000
0.000000,udp,5353,S0,0,0,0,0,0,0,0,0,0,0,0,0,0,0,0,0,0,0,0,1,0.000000,1.000000,0.000000,0.000000,0.000000,0.000000,1.000000,5,14,1.000000,0.000000,0.140000,0.642857,1.000000,1.000000,0.000000,0.00000
0.004056,tcp,80,REJ,0,0,0,0,0,0,0,0,0,0,0,0,0,0,0,0,0,0,0,0,0.000000,0.000000,0.000000,0.000000,0.000000,0.000000,0.000000,4,6,1.000000,0.000000,0.000000,0.333333,0.000000,0.166667,1.000000,0.66666
0.000000,udp,5353,S0,0,0,0,0,0,0,0,0,0,0,0,0,0,0,0,0,0,0,0,0,0.000000,0.000000,0.000000,0.000000,0.000000,0.000000,0.000000,9,15,1.000000,0.000000,0.150000,0.400000,1.000000,1.000000,0.000000,0.00000
0.046656,tcp,80,REJ,0,0,0,0,0,0,0,0,0,0,0,0,0,0,0,0,0,0,0,0,0.000000,0.000000,0.000000,0.000000,0.000000,0.000000,0.000000,4,6,1.000000,0.000000,0.000000,0.333333,0.000000,0.166667,1.000000,0.66666
0.000000,udp,5353,S0,0,0,0,0,0,0,0,0,0,0,0,0,0,0,0,0,0,0,0,0,0.000000,0.000000,0.000000,0.000000,0.000000,0.000000,0.000000,10,16,1.000000,0.000000,0.160000,0.375000,1.000000,1.000000,0.000000,0.00000
0.000000,udp,5353,S0,0,0,0,0,0,0,0,0,0,0,0,0,0,0,0,0,0,0,0,1,0.000000,1.000000,0.000000,0.000000,0.000000,0.000000,1.000000,5,16,1.000000,0.000000,0.160000,0.687500,1.000000,1.000000,0.000000,0.00000
18.739430,udp,137,S0,0,0,0,0,0,0,0,0,0,0,0,0,0,0,0,0,0,0,0,0,0.000000,0.000000,0.000000,0.000000,0.000000,0.000000,0.000000,13,12,0.923077,0.076923,0.120000,0.000000,1.000000,1.000000,0.000000,0.00000
0.000000,udp,5353,S0,0,0,0,0,0,0,0,0,0,0,0,0,0,0,0,0,0,0,1,2,1.000000,1.000000,0.000000,0.000000,1.000000,0.000000,0.500000,11,17,1.000000,0.000000,0.170000,0.352941,1.000000,1.000000,0.000000,0.00000
0.000000,udp,5353,S0,0,0,0,0,0,0,0,0,0,0,0,0,0,0,0,0,0,0,2,3,1.000000,1.000000,0.000000,0.000000,1.000000,0.000000,0.333333,12,18,1.000000,0.000000,0.180000,0.333333,1.000000,1.000000,0.000000,0.00000
0.000000,udp,5353,S0,0,0,0,0,0,0,0,0,0,0,0,0,0,0,0,0,0,0,1,4,1.000000,1.000000,0.000000,0.000000,1.000000,0.000000,0.750000,6,18,1.000000,0.000000,0.180000,0.666667,1.000000,1.000000,0.000000,0.00000
0.000000,icmp,143,SH,40,0,0,0,0,0,0,0,0,0,0,0,0,0,0,0,0,0,0,0,0.000000,0.000000,0.000000,0.000000,0.000000,0.000000,0.000000,0,0,0.000000,0.000000,0.000000,0.000000,0.000000,0.000000,0.000000,0.00000
0.000000,udp,5353,S0,0,0,0,0,0,0,0,0,0,0,0,0,0,0,0,0,0,0,3,5,1.000000,1.000000,0.000000,0.000000,1.000000,0.000000,0.400000,12,18,1.000000,0.000000,0.180000,0.333333,1.000000,1.000000,0.000000,0.00000
0.000000,udp,5353,S0,0,0,0,0,0,0,0,0,0,0,0,0,0,0,0,0,0,0,2,6,1.000000,1.000000,0.000000,0.000000,1.000000,0.000000,0.666667,6,19,1.000000,0.000000,0.190000,0.684211,1.000000,1.000000,0.000000,0.00000
0.000000,udp,137,S0,0,0,0,0,0,0,0,0,0,0,0,0,0,0,0,0,0,0,0,0,0.000000,0.000000,0.000000,0.000000,0.000000,0.000000,0.000000,14,13,0.928571,0.071429,0.130000,0.000000,1.000000,1.000000,0.000000,0.00000
0.007993,icmp,143,SH,40,0,0,0,0,0,0,0,0,0,0,0,0,0,0,0,0,0,1,1,0.000000,0.000000,0.000000,0.000000,1.000000,0.000000,0.000000,1,1,1.000000,0.000000,0.010000,0.000000,0.000000,0.000000,0.000000,0.00000
0.000000,udp,137,S0,0,0,0,0,0,0,0,0,0,0,0,0,0,0,0,0,0,0,1,1,1.000000,1.000000,0.000000,0.000000,1.000000,0.000000,0.000000,14,13,0.928571,0.071429,0.130000,0.000000,1.000000,1.000000,0.000000,0.00000
0.817005,udp,137,S0,0,0,0,0,0,0,0,0,0,0,0,0,0,0,0,0,0,0,1,1,1.000000,1.000000,0.000000,0.000000,1.000000,0.000000,0.000000,15,14,0.933333,0.066667,0.140000,0.000000,1.000000,1.000000,0.000000,0.00000
0.001384,tcp,80,REJ,0,0,0,0,0,0,0,0,0,0,0,0,0,0,0,0,0,0,0,0,0.000000,0.000000,0.000000,0.000000,0.000000,0.000000,0.000000,5,7,1.000000,0.000000,0.000000,0.285714,0.000000,0.142857,1.000000,0.71428
0.142551,tcp,5228,S1,986,456,0,0,0,0,0,0,0,0,0,0,0,0,0,0,0,0,0,0,0.000000,0.000000,0.000000,0.000000,0.000000,0.000000,0.000000,0,0,0.000000,0.000000,0.000000,0.000000,0.000000,0.000000,0.000000,0.00000
0.000000,udp,1900,OTH,0,0,0,0,0,0,0,0,0,0,0,0,0,0,0,0,0,0,0,0,0.000000,0.000000,0.000000,0.000000,0.000000,0.000000,0.000000,0,0,0.000000,0.000000,0.000000,0.000000,0.000000,0.000000,0.000000,0.00000
0.717677,udp,137,S0,0,0,0,0,0,0,0,0,0,0,0,0,0,0,0,0,0,0,3,3,1.000000,1.000000,0.000000,0.000000,1.000000,0.000000,0.000000,16,15,0.937500,0.062500,0.150000,0.000000,1.000000,1.000000,0.000000,0.00000
1.535879,udp,137,S0,0,0,0,0,0,0,0,0,0,0,0,0,0,0,0,0,0,0,2,2,1.000000,1.000000,0.000000,0.000000,1.000000,0.000000,0.000000,17,16,0.941176,0.058824,0.160000,0.000000,1.000000,1.000000,0.000000,0.00000
0.000000,udp,5353,S0,0,0,0,0,0,0,0,0,0,0,0,0,0,0,0,0,0,0,1,2,1.000000,1.000000,0.000000,0.000000,1.000000,0.000000,0.500000,13,20,1.000000,0.000000,0.200000,0.350000,1.000000,1.000000,0.000000,0.00000
0.000000,udp,5353,S0,0,0,0,0,0,0,0,0,0,0,0,0,0,0,0,0,0,0,1,3,1.000000,1.000000,0.000000,0.000000,1.000000,0.000000,0.666667,7,21,1.000000,0.000000,0.210000,0.666667,1.000000,1.000000,0.000000,0.00000
1.000511,udp,1900,S0,0,0,0,0,0,0,0,0,0,0,0,0,0,0,0,0,0,0,1,1,0.000000,0.000000,0.000000,0.000000,1.000000,0.000000,0.000000,1,1,1.000000,0.000000,0.010000,0.000000,0.000000,0.000000,0.000000,0.00000
2.251302,udp,137,S0,0,0,0,0,0,0,0,0,0,0,0,0,0,0,0,0,0,0,3,3,1.000000,1.000000,0.000000,0.000000,1.000000,0.000000,0.000000,18,17,0.944444,0.055556,0.170000,0.000000,1.000000,1.000000,0.000000,0.00000
2.001450,udp,1900,S0,0,0,0,0,0,0,0,0,0,0,0,0,0,0,0,0,0,0,2,2,0.500000,0.500000,0.000000,0.000000,1.000000,0.000000,0.000000,2,2,1.000000,0.000000,0.020000,0.000000,0.500000,0.500000,0.000000,0.00000
3.070478,udp,137,S0,0,0,0,0,0,0,0,0,0,0,0,0,0,0,0,0,0,0,4,4,1.000000,1.000000,0.000000,0.000000,1.000000,0.000000,0.000000,19,18,0.947368,0.052632,0.180000,0.000000,1.000000,1.000000,0.000000,0.00000
3.071020,udp,5353,S0,0,0,0,0,0,0,0,0,0,0,0,0,0,0,0,0,0,0,1,2,1.000000,1.000000,0.000000,0.000000,1.000000,0.000000,0.500000,14,22,1.000000,0.000000,0.220000,0.363636,1.000000,1.000000,0.000000,0.00000
3.071849,udp,5353,S0,0,0,0,0,0,0,0,0,0,0,0,0,0,0,0,0,0,0,1,3,1.000000,1.000000,0.000000,0.000000,1.000000,0.000000,0.666667,8,23,1.000000,0.000000,0.230000,0.652174,1.000000,1.000000,0.000000,0.00000
0.000000,udp,138,OTH,0,0,0,0,0,0,0,0,0,0,0,0,0,0,0,0,0,0,2,0,1.000000,0.000000,0.000000,0.000000,0.000000,1.000000,0.000000,20,0,0.000000,1.000000,0.000000,0.000000,1.000000,0.000000,0.000000,0.00000
0.000000,udp,5353,S0,0,0,0,0,0,0,0,0,0,0,0,0,0,0,0,0,0,0,1,2,1.000000,1.000000,0.000000,0.000000,1.000000,0.000000,0.500000,15,24,1.000000,0.000000,0.240000,0.375000,1.000000,1.000000,0.000000,0.00000
0.000000,udp,5353,S0,0,0,0,0,0,0,0,0,0,0,0,0,0,0,0,0,0,0,1,3,1.000000,1.000000,0.000000,0.000000,1.000000,0.000000,0.666667,9,25,1.000000,0.000000,0.250000,0.640000,1.000000,1.000000,0.000000,0.00000
0.000162,udp,5353,S0,0,0,0,0,0,0,0,0,0,0,0,0,0,0,0,0,0,0,2,4,1.000000,1.000000,0.000000,0.000000,1.000000,0.000000,0.500000,16,26,1.000000,0.000000,0.260000,0.384615,1.000000,1.000000,0.000000,0.00000
0.000138,udp,5353,S0,0,0,0,0,0,0,0,0,0,0,0,0,0,0,0,0,0,0,2,5,1.000000,1.000000,0.000000,0.000000,1.000000,0.000000,0.600000,10,26,1.000000,0.000000,0.260000,0.615385,1.000000,1.000000,0.000000,0.00000
3.002014,udp,1900,S0,0,0,0,0,0,0,0,0,0,0,0,0,0,0,0,0,0,0,2,2,1.000000,1.000000,0.000000,0.000000,1.000000,0.000000,0.000000,3,3,1.000000,0.000000,0.030000,0.000000,0.666667,0.666667,0.000000,0.00000
1.000645,udp,5353,S0,0,0,0,0,0,0,0,0,0,0,0,0,0,0,0,0,0,0,2,4,1.000000,1.000000,0.000000,0.000000,1.000000,0.000000,0.500000,16,27,1.000000,0.000000,0.270000,0.407407,1.000000,1.000000,0.000000,0.00000
1.000637,udp,5353,S0,0,0,0,0,0,0,0,0,0,0,0,0,0,0,0,0,0,0,2,5,1.000000,1.000000,0.000000,0.000000,1.000000,0.000000,0.600000,11,28,1.000000,0.000000,0.280000,0.607143,1.000000,1.000000,0.000000,0.00000
1.000802,udp,5353,S0,0,0,0,0,0,0,0,0,0,0,0,0,0,0,0,0,0,0,3,6,1.000000,1.000000,0.000000,0.000000,1.000000,0.000000,0.500000,17,29,1.000000,0.000000,0.290000,0.413793,1.000000,1.000000,0.000000,0.00000
1.000784,udp,5353,S0,0,0,0,0,0,0,0,0,0,0,0,0,0,0,0,0,0,0,3,7,1.000000,1.000000,0.000000,0.000000,1.000000,0.000000,0.571429,12,30,1.000000,0.000000,0.300000,0.600000,1.000000,1.000000,0.000000,0.00000
3.993232,udp,5353,S0,0,0,0,0,0,0,0,0,0,0,0,0,0,0,0,0,0,0,0,0,0.000000,0.000000,0.000000,0.000000,0.000000,0.000000,0.000000,18,31,1.000000,0.000000,0.310000,0.419355,1.000000,1.000000,0.000000,0.00000
3.993240,udp,5353,S0,0,0,0,0,0,0,0,0,0,0,0,0,0,0,0,0,0,0,0,1,0.000000,1.000000,0.000000,0.000000,0.000000,0.000000,1.000000,13,32,1.000000,0.000000,0.320000,0.593750,1.000000,1.000000,0.000000,0.00000
